13 0.3129181084198385 0.6498077662437525 0.1978662053056517 0.08011021402024865
78 0.5072087658592849 0.6607650903498654 0.13990772779700117 0.07839292579777013
30 0.709688581314879 0.6788991413558888 0.18258362168396766 0.04512367038318587
25 0.6804498269896194 0.9490836857618864 0.193194925028835 0.1018326284762271
23 0.48754325259515574 0.961924900679226 0.17520184544405995 0.07615019864154814
45 0.29642445213379465 0.955350506215558 0.21407151095732413 0.08929898756888402
76 0.7895617070357555 0.182878380110214 0.16649365628604385 0.1922786107907215
38 0.6428489042675893 0.23833781878764573 0.13402537485582475 0.041958221196975475
82 0.4030565167243368 0.2338331410995771 0.23846597462514416 0.06749967961040627
48 0.4794694348327566 0.45278738946559016 0.07202998846597461 0.096238626169422
80 0.3373702422145329 0.45204408560809944 0.13604382929642445 0.14993592208125084
62 0.7309111880046136 0.4775727284377803 0.1916378316032295 0.1032359348968346
81 0.5380622837370242 0.49699474561066254 0.24752018454440608 0.08676150198641548
