84 0.6362847222222222 0.26211419753086423 0.09376286008230454 0.1046296296296296
68 0.48620113168724277 0.2571759259259259 0.18523662551440326 0.09830246913580254
56 0.8425925925925927 0.4661458333333333 0.11995884773662545 0.14216820987654324
28 0.9148855452674898 0.543016975308642 0.17022890946502045 0.08040123456790127
38 0.46716820987654323 0.5248070987654321 0.14302983539094644 0.08603395061728393
55 0.7082947530864198 0.5485146604938271 0.1963991769547325 0.07974537037037048
29 0.6299318415637861 0.674074074074074 0.3059284979423869 0.12098765432098763
55 0.8973251028806585 0.7119020061728395 0.20534979423868313 0.10258487654321
42 0.7692579732510288 0.9392168209876544 0.19281121399176962 0.11076388888888881
23 0.47964891975308643 0.9713348765432097 0.16176697530864204 0.05733024691358048
58 0.8351337448559671 0.9875385802469135 0.19385288065843614 0.024922839506172936
76 0.5489776234567901 0.4323109567901235 0.3236850565843622 0.11268325617283953
