2 0.7072706935123043 0.12316679095202585 0.32150447427293066 0.15358563261247826
3 0.4704697986577181 0.18436490181456622 0.25204138702460854 0.2146470295799155
12 0.30464205816554807 0.2110365398956003 0.13118008948545862 0.1314441958737261
12 0.8889261744966442 0.20757519264230673 0.1838926174496643 0.15128013919960231
2 0.24317673378076063 0.28711160825254783 0.29723154362416104 0.18431829480487194
3 0.9171700223713647 0.3052199850857569 0.16565995525727073 0.21217996520009946
12 0.5598434004474272 0.38794432015908525 0.14482662192393725 0.12932823763360674
3 0.7487136465324385 0.4289709172259508 0.2542505592841163 0.27285297042008444
2 0.5082774049217003 0.4861732537907034 0.2924217002237136 0.20617698235147902
12 0.13215883668903802 0.5295177728063635 0.19354026845637584 0.11424931643052451
12 0.34446308724832214 0.5304126273924932 0.15676733780760618 0.12042629878200346
12 0.679082774049217 0.5341660452398708 0.19552572706935117 0.1189628386776037
2 0.1924496644295302 0.6000621426795923 0.24907718120805372 0.19525229927914484
12 0.9271532438478748 0.6293499875714641 0.14569351230425043 0.1565995525727068
12 0.633724832214765 0.038864031817051954 0.15335570469798654 0.07772806363410391
3 0.17242729306487695 0.7798036291324882 0.253579418344519 0.21891623166790938
3 0.9207494407158836 0.7715697240865026 0.1585011185682327 0.17508078548347014
2 0.496923937360179 0.8970171513795675 0.18982102908277404 0.1650012428535919
2 0.756599552572707 0.8883668903803132 0.2644295302013423 0.15605269699229413
3 0.19899328859060403 0.9382550335570471 0.2789709172259508 0.12348993288590589
12 0.640268456375839 0.924739000745712 0.13467561521252794 0.08987074322644792
