56 0.5773550077408598 0.14173514350363225 0.23839466476122423 0.034071692271049205
26 0.6922293676312968 0.19950577587233537 0.24790401333809692 0.07921876860783617
50 0.5225675836608313 0.31373109443848995 0.09098487555079197 0.065642491365964
86 0.6195010122662855 0.014380135762772419 0.13077289508157683 0.028760271525544837
86 0.830963439323568 0.32845063713230915 0.08271406454686209 0.10409670120281057
50 0.2840657377634869 0.355037513397642 0.10396570203644152 0.07387162081695837
44 0.6239311658925807 0.3612540192926045 0.14477194236036678 0.06161724425390026
82 0.7404668333928784 0.36113492914136 0.09507562224604034 0.07052518756698822
23 0.40791949505775876 0.027337144218173157 0.1680838394664761 0.054674288436346315
56 0.6269679647493152 0.48176134333690607 0.11357032273430986 0.125449565320948
72 0.24951173037989757 0.029448017148981778 0.20420983684649271 0.058896034297963556
24 0.6981421936405859 0.6141181374300345 0.1257651542217459 0.08062403239252114
49 0.8383410741931644 0.7526854829105634 0.04677861140883643 0.11963796594021672
25 0.7811182565201857 0.05834821960223889 0.17229367631296885 0.07488388710253663
28 0.587376443968084 0.06202215076813147 0.18352387757532462 0.07344289627247827
