78 0.491194743130227 0.5187096774193549 0.029823775388291368 0.028172043010752736
78 0.6024492234169654 0.5285483870967742 0.03994623655913976 0.031666666666666655
78 0.45083632019115893 0.5184408602150538 0.03596176821983275 0.03462365591397854
78 0.5556152927120669 0.5294623655913978 0.052344683393070475 0.025645161290322543
78 0.5144145758661888 0.5315591397849462 0.03421146953405017 0.02524193548387093
78 0.4576284348864994 0.5503763440860215 0.05532855436081245 0.036720430107526854
78 0.5946893667861409 0.5619354838709677 0.049979091995220964 0.02911290322580638
78 0.5018518518518519 0.5622043010752689 0.033494623655913956 0.03123655913978496
78 0.5534528076463561 0.5664516129032258 0.061762246117084744 0.035940860215053716
86 0.5924074074074074 0.7159677419354838 0.14595280764635607 0.14467741935483877
