50 0.7419223985890653 0.4557495590828925 0.05038800705467385 0.03788947677836577
60 0.6570370370370371 0.461740152851264 0.06471781305114642 0.04061434450323355
56 0.37858906525573194 0.481740152851264 0.10833333333333334 0.1661463844797178
28 0.735573192239859 0.20579071134626692 0.09002645502645508 0.0379629629629629
86 0.5825925925925926 0.22246325690770136 0.04817460317460303 0.027469135802469114
50 0.36610229276895945 0.24163433274544388 0.07095238095238093 0.05362139917695473
86 0.5670899470899471 0.2399529688418577 0.07159611992945335 0.029079952968841857
86 0.6727513227513228 0.23924162257495593 0.04435626102292771 0.03400940623162845
28 0.8458201058201058 0.23265138154027043 0.0927601410934744 0.036122868900646685
86 0.5715696649029982 0.2627630805408583 0.06358906525573195 0.025493827160493858
86 0.6266313932980601 0.27341563786008233 0.05590828924162249 0.03659024103468545
28 0.6782539682539682 0.2723280423280423 0.038624338624338506 0.025784832451499064
47 0.818042328042328 0.30560258671369783 0.09723985890652567 0.023671369782480918
28 0.6554320987654321 0.35376249265138154 0.054197530864197443 0.06662551440329224
28 0.8155379188712522 0.37168136390358614 0.09940917107583767 0.032107583774250416
60 0.5958201058201058 0.46014697236919455 0.052680776014109316 0.03404467960023527
50 0.7045855379188712 0.45609641387419164 0.026358024691358114 0.026734273956496205
