72 0.5002405002405003 0.31623977873977877 0.12736291486291482 0.050856782106782114
52 0.3102934102934103 0.31564454064454067 0.1902356902356902 0.13126503126503128
23 0.7468374218374219 0.32861952861952864 0.3006884319384318 0.10895262145262141
50 0.3513768638768639 0.5562349687349687 0.08402176527176528 0.05621693121693129
86 0.8496933621933621 0.5639850889850889 0.10634620009619988 0.0839766714766716
82 0.7389790764790765 0.5850829725829727 0.08067279942279944 0.04929353054353042
29 0.5402837902837903 0.6818362193362193 0.17648208273208288 0.10681517556517553
24 0.7186748436748437 0.8049242424242424 0.18380230880230872 0.08049242424242412
50 0.5023569023569023 0.8309223184223185 0.06846741221741212 0.04717412217412206
50 0.572065897065897 0.8379329004329004 0.06938131313131303 0.05407948532948532
