56 0.8831172839506174 0.9392901234567902 0.056975308641975364 0.055370370370370285
25 0.8698456790123457 0.10675925925925926 0.10799382716049384 0.06225308641975308
86 0.43709876543209875 0.19685185185185186 0.031018518518518477 0.07354938271604937
86 0.4892592592592592 0.24901234567901237 0.07018518518518514 0.075
86 0.5940740740740741 0.25012345679012343 0.03614197530864203 0.07706790123456794
86 0.4349074074074074 0.25601851851851853 0.03475308641975308 0.06203703703703705
86 0.36320987654320985 0.3718518518518519 0.04246913580246911 0.0906172839506173
86 0.4952469135802469 0.3794444444444445 0.08777777777777772 0.07814814814814819
86 0.6243518518518518 0.3763271604938272 0.03851851851851848 0.07382716049382718
86 0.6827777777777778 0.41660493827160494 0.06382716049382718 0.12802469135802472
86 0.3614506172839506 0.44182098765432104 0.045339506172839494 0.07824074074074076
86 0.39296296296296296 0.44481481481481483 0.037067901234567935 0.07959876543209873
86 0.4237345679012346 0.4453395061728395 0.03861111111111105 0.07632716049382718
86 0.45864197530864204 0.4465432098765432 0.033734567901234414 0.07947530864197537
86 0.6359876543209877 0.44413580246913575 0.06793209876543226 0.08157407407407409
17 0.5728703703703703 0.4631172839506172 0.047530864197530796 0.047530864197530796
86 0.49450617283950615 0.6241358024691358 0.06833333333333333 0.06993827160493822
42 0.5834259259259259 0.6275 0.10172839506172844 0.11777777777777772
