36 0.632616487455197 0.30574671445639184 0.26016129032258056 0.0418399044205496
28 0.18378136200716846 0.4017980884109916 0.2508154121863799 0.05668757467144569
86 0.7139247311827956 0.4204480286738352 0.1164247311827958 0.0685931899641578
83 0.21259856630824375 0.4838291517323776 0.20397849462365597 0.10794504181600946
28 0.4760394265232975 0.49397252090800486 0.24974014336917555 0.08086917562724018
18 0.23336917562724016 0.6013978494623656 0.29070788530465946 0.03763142174432489
52 0.8750358422939069 0.6087395459976105 0.2249820788530465 0.10971326164874555
82 0.6144982078853046 0.6493727598566308 0.15856630824372764 0.041893667861409675
82 0.1982974910394265 0.7282497013142175 0.15005376344086022 0.05795698924731193
63 0.595931899641577 0.9768757467144562 0.09114695340501802 0.03776583034647531
