28 0.062010786559755636 0.5639557082856052 0.12402157311951127 0.033565610283823245
28 0.06104429171439481 0.6592910780196003 0.12208858342878962 0.05040091638029789
56 0.8393470790378007 0.6595074455899198 0.06702621865852103 0.0880966017563956
62 0.6316023927707777 0.6720249459081074 0.08040600738195242 0.03122693139875265
28 0.0627147766323024 0.7173539518900344 0.10283823342242586 0.04443171694030801
50 0.5346506300114547 0.7412562046582665 0.04468944889907105 0.029839633447880883
50 0.4890543464426626 0.7427898689067074 0.05886470663102962 0.018464426625938744
50 0.441676212294769 0.7452080946926307 0.04195303550973667 0.027653684612447483
50 0.4842178948708158 0.7617411225658649 0.08021509481990588 0.028649611811123785
56 0.7512091128929617 0.7835306096474481 0.06825124093165322 0.08725658648339056
38 0.7974417716685758 0.3099974544991727 0.08400152730049641 0.0334256077383225
38 0.9374761359297441 0.3079228713249332 0.0802469135802469 0.040664375715922144
47 0.46694030800560005 0.3346315387552501 0.14027300496372666 0.022674048619065777
86 0.6122884052437317 0.3419180348733613 0.06457617411225665 0.020265368461244812
86 0.6788214331169656 0.3589537991599847 0.06963535700649111 0.019053073692248877
86 0.8406198294514446 0.4106211022018582 0.13720249459081055 0.04494081710576558
86 0.9304760086547027 0.42559501081837847 0.07770141275295905 0.05264095710831115
55 0.5201094565355734 0.46256841033473334 0.10920198549064526 0.026075474099529178
