26 0.8090501792114695 0.2781362007168459 0.23237753882915183 0.0970728793309439
50 0.654868578255675 0.4019115890083632 0.11054360812425333 0.07004181600955794
50 0.3978195937873357 0.4470131421744325 0.11359020310633204 0.08945639187574667
82 0.894295101553166 0.446415770609319 0.09142771804062132 0.07255077658303472
44 0.7657407407407407 0.45764635603345283 0.18933691756272406 0.06974313022700104
56 0.7928614097968938 0.5836021505376344 0.14551971326164867 0.1405017921146953
23 0.4840501792114695 0.06087216248506571 0.22616487455197123 0.12174432497013142
24 0.8762544802867385 0.7268817204301076 0.16140979689366758 0.09444444444444443
86 0.731152927120669 0.0562126642771804 0.14967144563918758 0.05540621266427717
72 0.31353046594982076 0.09513142174432497 0.23276583034647555 0.06974313022700118
28 0.7126642771804063 0.1232078853046595 0.21326164874551964 0.09958183990442054
25 0.8732676224611707 0.11887694145758661 0.08133213859020338 0.08826164874551973
