50 0.5605275693700131 0.546766702393712 0.034714779087769466 0.027224008574490987
60 0.4400678813862094 0.5553411932833154 0.05498987733714421 0.043774562343694146
50 0.6531797070382279 0.5482851018220792 0.050107181136119984 0.03111825652018587
50 0.6017327617006073 0.5505716327259735 0.05046445158985356 0.04076455877098973
60 0.5045551982851019 0.5573061807788496 0.06429379540312001 0.0349589138978206
47 0.481124211027748 0.5986066452304395 0.1361944742169824 0.04778492318685237
56 0.24880909848755506 0.6306716684530189 0.1493390496605931 0.2293408360128617
28 0.5773192806954865 0.2827259735619864 0.11585983089198518 0.02962665237584856
86 0.41901869715374535 0.2913719185423365 0.06049779683220205 0.029974991068238657
86 0.38912706919137785 0.3104144337263308 0.06348993688221988 0.034923186852447316
86 0.4601047993330952 0.3137013219006788 0.06360902703346427 0.03813862093604851
86 0.5108669763010598 0.3146659521257592 0.046668453018935414 0.0357806359414077
50 0.23520304870787187 0.32852804573061806 0.08598308919852325 0.0680242943908539
28 0.695069667738478 0.30969989281886384 0.08954090746695251 0.03407466952483032
86 0.3973145170894367 0.335816362986781 0.07795939025842566 0.024732047159699882
86 0.4630820531142075 0.35060735977134694 0.07088841252828394 0.03966595212575919
28 0.5186078361319519 0.3497499106823866 0.04305108967488397 0.0356198642372276
47 0.6884601643444087 0.3921221864951768 0.08263367869477195 0.020927116827438346
28 0.5001488626890557 0.438335119685602 0.05716327259735618 0.06995355484101456
28 0.6724723115398357 0.4604680242943908 0.11947719423603663 0.040621650589496225
