39 0.47890625 0.55859375 0.1328125 0.110546875
59 0.40625 0.59921875 0.158984375 0.104296875
26 0.77109375 0.62109375 0.171875 0.075
75 0.56953125 0.6234375 0.123046875 0.044140625
78 0.5 0.8640625 0.162890625 0.102734375
53 0.353125 0.88125 0.11953125 0.080859375
21 0.75234375 0.8859375 0.20625 0.096484375
39 0.8 0.19375 0.11875 0.105859375
45 0.40859375 0.21484375 0.251171875 0.057421875
56 0.5984375 0.39453125 0.10859375 0.1421875
76 0.4203125 0.44375 0.234375 0.08203125
82 0.5671875 0.4609375 0.18984375 0.06484375
46 0.75234375 0.46328125 0.192578125 0.057421875
