23 0.19100789313904068 0.4451001821493625 0.18687006678809956 0.1694353369763205
86 0.4532969034608379 0.45369156041287184 0.15151183970856102 0.09791135397692777
25 0.6245780206435944 0.5735458409228901 0.20426229508196725 0.13880995749848205
26 0.58237401335762 0.7370856102003643 0.32162720097146313 0.05214329083181554
86 0.8265998785670917 0.7492410443230115 0.12512446873102617 0.07582270795385546
50 0.3819611414693382 0.7868973891924712 0.12731936854887674 0.09555555555555556
86 0.8185063752276867 0.8457437765634488 0.13566180935033384 0.11547055251973286
82 0.6878870673952641 0.8812264723740133 0.11666363084395888 0.0952398299939283
44 0.5075288403157255 0.8799817850637522 0.2322495446265938 0.10030358227079544
56 0.5675106253794778 0.9633151183970857 0.1268852459016395 0.07336976320582865
