75 0.25816698053986187 0.46438794726930327 0.14435969868173257 0.04698681732580029
80 0.6400251098556183 0.5530696798493409 0.12710608913998744 0.14806967984934083
39 0.2417576898932831 0.5986629001883239 0.14096045197740117 0.1393879472693033
59 0.3764030131826742 0.5943691148775895 0.15398305084745767 0.10953860640301312
82 0.5407030759573133 0.6031261770244821 0.1751161330822348 0.10244821092278722
25 0.6148775894538607 0.8348022598870057 0.17516635279347134 0.10329566854990586
21 0.28109855618330193 0.91894538606403 0.22125863151286881 0.1180225988700563
76 0.4516384180790961 0.907984934086629 0.30654111738857504 0.1522410546139361
26 0.6847332077840552 0.9111487758945386 0.21679849340866278 0.12120527306967996
80 0.5501255492780917 0.14459510357815442 0.13325800376647842 0.13777777777777778
29 0.7232454488386691 0.16141242937853106 0.22994664155681113 0.09347457627118645
78 0.31297551789077216 0.1813370998116761 0.1868769617074702 0.09409604519774013
48 0.2763339610797238 0.41455743879472695 0.06460451977401131 0.11317325800376651
81 0.45084745762711864 0.4363841807909604 0.23233835530445696 0.09104519774011305
67 0.6878342749529189 0.4309227871939737 0.18338355304457016 0.08506591337099809
