25 0.8636618876941458 0.17338709677419356 0.27267622461170854 0.10161290322580645
25 0.6071565113500598 0.29354838709677417 0.16986559139784937 0.025403225806451612
38 0.19325567502986857 0.3209677419354839 0.1398506571087216 0.06088709677419355
50 0.7405615292712067 0.3467741935483871 0.09766129032258057 0.08709677419354839
86 0.2206152927120669 0.3975806451612903 0.09737455197132613 0.01935483870967742
86 0.2102867383512545 0.4161290322580645 0.14376642771804057 0.01975806451612903
86 0.4078673835125448 0.4161290322580645 0.061161887694145795 0.028629032258064516
28 0.3983691756272401 0.5129032258064516 0.0702299880525688 0.04798387096774193
55 0.3009617682198328 0.5629032258064516 0.18045997610513734 0.01975806451612903
56 0.614952210274791 0.5838709677419355 0.08978494623655926 0.14516129032258066
55 0.32924731182795697 0.5951612903225807 0.23003584229390686 0.01935483870967742
56 0.717568697729988 0.603225806451613 0.09028673835125464 0.15483870967741936
56 0.6805973715651135 0.6056451612903225 0.08477001194743142 0.18064516129032257
56 0.7528076463560335 0.6451612903225806 0.09423835125448014 0.12217741935483871
