39 0.5520645645645645 0.605467967967968 0.16244369369369382 0.15431681681681692
25 0.37636386386386383 0.6401901901901902 0.19081894394394394 0.1074762262262262
26 0.8124249249249249 0.6548611111111111 0.20152652652652656 0.08611423923923936
62 0.6959334334334334 0.9186123623623624 0.16105793293293286 0.13572947947947928
53 0.3871058558558559 0.9451639139139137 0.16745182682682686 0.08814126626626646
18 0.5531844344344344 0.9367867867867868 0.2203078078078078 0.1146646646646645
76 0.7435623123123123 0.20705705705705707 0.2862706456456456 0.09285535535535532
82 0.37625125125125125 0.21418918918918922 0.21441441441441442 0.09052489989989988
45 0.5367117117117117 0.22787162162162164 0.17836899399399397 0.05454517017017013
67 0.7473973973973974 0.4766328828828829 0.13153153153153155 0.06271271271271268
28 0.6454204204204205 0.48236986986986985 0.16944444444444448 0.06960397897897892
46 0.39745995995996 0.49280530530530536 0.21161473973973968 0.06094532032032028
