12 0.6950810185185186 0.13560956790123457 0.30843942901234556 0.20189043209876545
12 0.3444637345679012 0.22577160493827161 0.352440200617284 0.19170524691358024
12 0.6722800925925926 0.26410108024691353 0.3645736882716051 0.19137731481481485
12 0.297608024691358 0.34405864197530867 0.43135609567901234 0.19174382716049385
12 0.24135802469135806 0.494849537037037 0.44026813271604937 0.22205825617283953
12 0.8810185185185185 0.4707561728395062 0.22021604938271602 0.23179012345679004
12 0.7584683641975308 0.6002121913580246 0.40393518518518534 0.22608024691358017
12 0.7644097222222223 0.7621141975308642 0.4087866512345679 0.28830054012345685
12 0.25028935185185186 0.7953703703703704 0.3733796296296296 0.25594135802469137
12 0.4599344135802469 0.8441550925925926 0.3775077160493827 0.2856095679012347
