25 0.8517684887459807 0.21230796713111824 0.29646302250803874 0.11248064785042272
25 0.5824937477670596 0.32172204358699535 0.16913183279742772 0.03154400381088485
38 0.1697213290460879 0.33372037632487794 0.1389514112182923 0.06573776348695967
50 0.7150768131475527 0.3795998570918185 0.09670418006430864 0.09025544837441947
86 0.19642729546266524 0.41095033940693104 0.09691854233654881 0.022850422770036963
86 0.18599499821364773 0.42902226985828273 0.1431582708110039 0.024964272954626734
86 0.3829403358342265 0.4363165416220079 0.06075384065737764 0.030740145289984627
28 0.3727581279028224 0.5322436584494462 0.06964987495534115 0.050330475169703445
55 0.27529474812433014 0.5783910920566869 0.17973383351196862 0.026318923425032857
56 0.5881207574133619 0.610843158270811 0.08842443729903537 0.14773133261879245
55 0.30325116112897466 0.6115279266404668 0.2291532690246517 0.027748005239966622
56 0.6902643801357627 0.6338871025366202 0.08885316184351552 0.15737763486959633
56 0.653394069310468 0.6349291413600096 0.08316362986780991 0.1828480409670121
56 0.72508038585209 0.6769084196736931 0.09303322615219722 0.12502977253781106
