56 0.41778523489932884 0.15001864280387772 0.11325503355704698 0.1556208053691275
56 0.33557046979865773 0.14995028585632614 0.05704697986577181 0.12418282376336065
73 0.7734899328859061 0.28591225453641556 0.044043624161073824 0.10756897837434747
73 0.8917785234899329 0.29372358936117327 0.06543624161073826 0.10280574198359436
73 0.8246644295302014 0.2910825254784986 0.05704697986577181 0.10362913248819296
50 0.4286912751677852 0.27222843649018147 0.04823825503355705 0.031863658960974435
50 0.5033557046979866 0.2786167039522744 0.053691275167785234 0.032985334327616134
73 0.7239932885906041 0.29509072831220484 0.053691275167785234 0.07996520009942822
73 0.5771812080536913 0.2933507332836192 0.057885906040268456 0.057112229679343776
23 0.35067114093959734 0.29083395476012924 0.07424496644295302 0.06215510812826255
23 0.24412751677852348 0.28698732289336315 0.12625838926174496 0.06359371116082527
13 0.46895973154362414 0.30200099428287347 0.05536912751677853 0.04313944817300522
50 0.4161073825503356 0.304294059159831 0.044463087248322146 0.033765224956500146
86 0.23993288590604026 0.3882798906288839 0.10067114093959731 0.07862602535421323
73 0.5696308724832215 0.5102411135968183 0.07508389261744966 0.10120867511807109
