52 0.7142857142857143 0.8365079365079365 0.14682539682539683 0.12764550264550276
85 0.4150793650793651 0.8617989417989417 0.1599206349206349 0.11740740740740746
69 0.573015873015873 0.8794708994708994 0.12103174603174603 0.1215608465608468
69 0.22936507936507936 0.8589417989417989 0.1630952380952381 0.11999999999999986
56 0.16984126984126985 0.20735449735449735 0.14007936507936508 0.09068783068783068
56 0.8674603174603175 0.25862433862433865 0.14722222222222223 0.08481481481481482
56 0.30952380952380953 0.2222222222222222 0.13968253968253969 0.08828042328042329
56 0.723015873015873 0.25216931216931215 0.12896825396825398 0.08161375661375656
56 0.584920634920635 0.24375661375661375 0.1353174603174603 0.08481481481481482
56 0.44841269841269843 0.23465608465608462 0.13015873015873017 0.08248677248677254
46 0.2492063492063492 0.4483597883597884 0.16785714285714284 0.04214285714285707
46 0.6619047619047619 0.517142857142857 0.1742063492063492 0.03621693121693112
46 0.2634920634920635 0.49613756613756615 0.15515873015873016 0.04328042328042326
25 0.6460317460317461 0.67005291005291 0.15634920634920635 0.10566137566137557
