23 0.16528251801289343 0.40085324232081915 0.10339400834281383 0.1670648464163823
86 0.3718240424725066 0.38964732650739475 0.1562950322335988 0.09391353811149028
25 0.540500568828214 0.4817974971558589 0.19370496776640134 0.12878270762229813
28 0.2736632536973834 0.5098407281001137 0.21418278346605993 0.1301478953356086
86 0.8161547212741752 0.6197952218430035 0.185779294653015 0.07883959044368609
26 0.5237011755783088 0.6486916951080773 0.3242131209708 0.059101251422070525
50 0.34444444444444444 0.7341296928327645 0.1274744027303755 0.10051194539249143
86 0.8222222222222222 0.7390216154721274 0.1522563519150549 0.10386803185438
82 0.6559347743648084 0.7928327645051195 0.12208949563898375 0.08822525597269633
44 0.49734546833522947 0.8085324232081912 0.25705346985210464 0.10403868031854385
56 0.5567880166856277 0.9071103526734925 0.12199469093667034 0.12229806598407256
