79 0.7720388705537219 0.20336755897812003 0.17238723872387243 0.11520596504094853
84 0.5864503116978365 0.19896711893411564 0.16740007334066723 0.11337244835594669
56 0.4020718738540521 0.36031658721427695 0.10242024202420232 0.15713237990465723
55 0.6523652365236524 0.4569734751252903 0.1953061972863954 0.10781078107810788
38 0.39096076274294095 0.45388705537220386 0.13447011367803455 0.11545043393228226
29 0.44171250458379174 0.5860224911380028 0.19057572423909047 0.11752841950861745
55 0.6328566189952328 0.6178340056227845 0.17213054638797218 0.10365480992543694
23 0.8341767510084341 0.6252903068084587 0.19523285661899525 0.10451045104510458
42 0.7487532086541987 0.8249297151937416 0.23120645397873116 0.16519985331866516
62 0.44154748808214156 0.8753819826427088 0.18833883388338832 0.1652609705414988
58 0.6036853685368536 0.9003483681701503 0.19116244957829115 0.14393105977264384
