39 0.45694444444444443 0.5771800281293952 0.1394690576652601 0.11692744960150024
59 0.38154008438818565 0.6155942334739802 0.16569092827004225 0.11157993436474442
26 0.7500175808720113 0.6514299109235818 0.17742616033755274 0.08239568682606667
75 0.5457981715893109 0.6462435536802625 0.12659106891701816 0.04931434599156112
78 0.4645569620253165 0.8873066104078763 0.16957630098452883 0.11014416315049258
53 0.3150492264416315 0.8992030004688233 0.12468354430379748 0.08636603375527414
21 0.7191104078762306 0.9189228785747773 0.2132032348804502 0.10544127988748246
39 0.7985232067510548 0.21976090014064698 0.12501758087201137 0.11165318799812475
45 0.4012130801687764 0.22644163150492264 0.2569356540084388 0.0675691514299109
56 0.5853727144866385 0.41552390998593525 0.11636779184247545 0.148060243788092
76 0.40277777777777773 0.4586849507735584 0.24103375527426166 0.0918600562587906
82 0.5507383966244725 0.48159868729488986 0.19516526019690575 0.07278481012658228
46 0.7381329113924051 0.4909165494608532 0.1976002109704643 0.0653715424285044
