2 0.7868243243243244 0.3857545045045045 0.15177364864864867 0.07439001501501502
2 0.6076576576576577 0.3900963463463464 0.18434684684684682 0.08204454454454455
2 0.3925112612612613 0.402565065065065 0.12134009009009016 0.0735172672672673
2 0.9330518018018016 0.39455705705705707 0.08637387387387367 0.10590590590590589
2 0.21233108108108106 0.4094532032032032 0.16224662162162165 0.10492054554554556
2 0.016666666666666666 0.42777152152152154 0.03333333333333333 0.08364614614614607
2 0.06497043918918918 0.4311186186186186 0.12994087837837837 0.10290603103103106
2 0.3316441441441441 0.4675925925925926 0.2000281531531531 0.1147616366366366
2 0.11728603603603605 0.4808933933933934 0.16621621621621618 0.11383883883883879
2 0.8067567567567568 0.4791166166166166 0.15791103603603607 0.09051238738738746
2 0.5176801801801802 0.48677427427427433 0.19011824324324317 0.06736423923923912
