86 0.549520766773163 0.30005916459590576 0.08945686900958466 0.0401816353094309
23 0.39217252396166136 0.29269908886522306 0.12779552715654952 0.09808010886285648
28 0.5239616613418531 0.35144953259969236 0.10942492012779553 0.06318187196781444
25 0.6597444089456869 0.3584901195124837 0.10543130990415335 0.05977990770323038
26 0.6285942492012779 0.4479292391432967 0.18011182108626198 0.06045734232635185
86 0.7963258785942492 0.4590226008756361 0.11062300319488817 0.07163057626316419
50 0.5151757188498403 0.5251153709620163 0.06829073482428115 0.045074547390841366
86 0.786741214057508 0.5447875991006982 0.11182108626198083 0.08047864158087789
82 0.6869009584664537 0.5595787480771507 0.07587859424920128 0.05465329546799191
50 0.323482428115016 0.5463258785942492 0.07188498402555911 0.056842385516506985
56 0.6150159744408946 0.6588865223050526 0.08706070287539937 0.1051532363033961
56 0.8650159744408946 0.9559460418885339 0.06829073482428115 0.08810791622293221
