39 0.6079113539769277 0.6248512446873102 0.17768366727383128 0.13623861566484527
82 0.7530054644808742 0.6342683667273831 0.15576502732240435 0.09399210686095934
76 0.39998178506375226 0.6305464480874317 0.2845264116575592 0.10653612629022459
21 0.3944930176077717 0.9234061930783243 0.1961293260473589 0.10989678202792943
75 0.5634061930783243 0.9375106253794778 0.13329386763813 0.06972981177899201
28 0.7797996357012751 0.9503339404978749 0.11469034608378889 0.08541590771098981
80 0.3424711596842744 0.17589556769884637 0.12550394656952027 0.15198239222829385
80 0.604875531268974 0.19881602914389798 0.12646630236794162 0.13402246508803886
26 0.6512386156648452 0.23268366727383122 0.31916818457802054 0.0954857316332726
13 0.46193078324225867 0.22392228293867641 0.1718852459016394 0.07652094717668492
33 0.8037462052216151 0.24499696417729208 0.08443230115361254 0.06069216757741351
59 0.7260716454159077 0.47461445051608986 0.21122647237401326 0.10628718882817245
29 0.36387370977534905 0.4597024893746205 0.2206709168184578 0.10807528840315735
