3 0.038895252640957105 0.30660557464681176 0.07086674303169149 0.1458571974035892
3 0.2769695812651139 0.3187667048491791 0.11080883288787073 0.14631538755250098
3 0.8784968817614865 0.34243986254295533 0.11325251368206697 0.13735204276441387
3 0.3983072419498537 0.3352042764413899 0.0953226422298587 0.17345360824742276
3 0.12449408171057655 0.34543718976708665 0.14252577319587628 0.2002672775868652
3 0.7327669593992617 0.36067201221840395 0.10093228967799414 0.17529591447117224
3 0.49574264986636124 0.3614165712103856 0.08933116965762998 0.14583810614738443
3 0.6196194476263205 0.37533409698358156 0.10980336006109204 0.13641657121038556
2 0.8225849560901106 0.39444444444444443 0.1111142929871453 0.1669339442535319
2 0.9257350133638794 0.4585719740358916 0.10159093801705484 0.1327987781596029
2 0.04865088456153749 0.44337533409698354 0.08572292223494972 0.13416380297823605
2 0.2333842433498791 0.44919816723940437 0.09579037800687286 0.17604047346315382
2 0.7034046073564975 0.46565483008781977 0.09851724576810485 0.15720694921725845
2 0.9916571210385643 0.4730049637266132 0.016685757922871514 0.13967163039327987
2 0.3280514191167112 0.4624665903016419 0.10587056128293243 0.1608056510118365
2 0.5842560773832252 0.4810423825887743 0.09161893852615517 0.155336006109202
2 0.42191039837087946 0.4791523482245132 0.08730113274786823 0.18272241313478424
2 0.13769886725213185 0.4831424207712867 0.10500190912562048 0.13115693012600235
2 0.5159730176912307 0.5095838106147385 0.09576492299859996 0.17432226040473456
3 0.9518900343642611 0.08558610156548302 0.09621993127147767 0.131004200076365
3 0.3609711085656103 0.07586865215731195 0.1240040728013237 0.13844978999618177
3 0.5474481354206441 0.08344788087056129 0.10520554919180361 0.14490263459335623
3 0.09044164439353443 0.07586865215731195 0.12933689703449155 0.1505918289423444
2 0.968359424716813 0.9260786559755632 0.0632811505663739 0.14784268804887368
2 0.7026473208603792 0.9280832378770523 0.09856179203258232 0.14383352424589557
2 0.8384625175003182 0.9347842688048874 0.09153620974926835 0.13043146239022516
2 0.5635611556573755 0.9325505918289423 0.09838360697467223 0.13489881634211542
2 0.3988290696194476 0.9452653684612446 0.10826015018454882 0.10946926307751069
2 0.11191294387170675 0.9436998854524628 0.12539137075219547 0.1126002290950744
2 0.2717067583046964 0.9455899198167238 0.10477281405116454 0.10882016036655238
