47 0.5623912503107135 0.4975205070842655 0.2802324136216753 0.031236017897091736
84 0.1742605021128511 0.5297166293810589 0.20260688540889885 0.08264665672383795
38 0.5964702957991549 0.5431518767089237 0.23216815809097696 0.0877423564504102
50 0.427572706935123 0.7270444941585882 0.10955443698732295 0.06417474521501372
50 0.3021749937857321 0.7411633109619687 0.10467002237136463 0.06639323887646036
28 0.19390380313199104 0.7484153616703952 0.11214578672632367 0.06558227690778023
25 0.9612167536664182 0.04502858563261248 0.0700099428287346 0.08105891126025354
86 0.3901255282127765 0.25860676112353964 0.12551889137459607 0.06553877703206566
17 0.13742232165050955 0.36135968182948053 0.13129505344270445 0.071314939100174
28 0.37678349490430024 0.41321774794929156 0.2526441710166543 0.08059594829729068
