29 0.5565608465608466 0.5447089947089947 0.2558377425044092 0.10105820105820118
30 0.8038800705467373 0.5504761904761905 0.16936507936507944 0.06121693121693112
45 0.7611463844797178 0.7734920634920636 0.20183421516754851 0.13153439153439156
62 0.6077954144620811 0.8115343915343916 0.1343386243386243 0.1254497354497354
39 0.8342680776014111 0.8091534391534392 0.10144620811287466 0.14306878306878323
59 0.41677248677248674 0.871164021164021 0.1541093474426807 0.08793650793650808
82 0.6052557319223987 0.16074074074074074 0.1570546737213404 0.07783068783068783
78 0.787037037037037 0.1502116402116402 0.13322751322751314 0.07544973544973545
67 0.43865961199294534 0.17502645502645506 0.14255731922398593 0.06735449735449736
56 0.761058201058201 0.34031746031746035 0.11529100529100528 0.1598412698412698
76 0.49447971781305117 0.36206349206349203 0.2871428571428571 0.15465608465608466
38 0.40913580246913583 0.42021164021164026 0.1059435626102294 0.06015873015873012
46 0.6641269841269841 0.4135449735449736 0.1884656084656085 0.06486772486772488
