78 0.44983050847457623 0.470194601381042 0.032156308851224016 0.029375392341493955
78 0.5666666666666668 0.4796672944130571 0.04288135593220331 0.03296924042686758
78 0.4073446327683615 0.470225988700565 0.03879472693032019 0.036107972379158845
78 0.5173258003766479 0.480991839296924 0.05569679849340862 0.02654425612052738
78 0.47387947269303204 0.4835153797865662 0.03666666666666665 0.026261770244821035
78 0.41350282485875706 0.503728813559322 0.05917137476459508 0.038160703075957335
78 0.557457627118644 0.5148085373509101 0.05332391713747645 0.03020715630885137
78 0.45969868173257994 0.5158129315756435 0.03610169491525416 0.03256748273697436
78 0.5138983050847459 0.5198744507219084 0.06589453860640294 0.03729127432517258
86 0.5502636534839925 0.6766729441305713 0.15758003766478335 0.15091337099811677
