86 0.34512703830109975 0.3159271899886234 0.09945961319681451 0.04387561623056503
23 0.16423966628744785 0.32128681582606494 0.14837883959044368 0.09648590570092272
25 0.4631588926810771 0.3636581974465934 0.11035267349260536 0.05443053975477189
28 0.32250663632916193 0.37380230059410946 0.12810959423587406 0.0668941979522185
86 0.6189040576412591 0.4563771963089369 0.11278915434205534 0.06814562002275304
26 0.4483883200606751 0.46740614334470987 0.1991277967387182 0.05876627480723045
86 0.619226393629124 0.5477246871444824 0.12678232840348888 0.08390848186070032
50 0.32578687902919984 0.5598344077866262 0.08537163443306797 0.062217165971432224
82 0.5174440652256352 0.5780621918847174 0.07156806977626087 0.05498672734167606
44 0.41359499431171787 0.5922386550372898 0.12423208191126273 0.0650739476678043
50 0.12893439514599925 0.6151877133105802 0.07194728858551382 0.07205157375805832
56 0.4602199469093667 0.692459866009354 0.08658513462267717 0.11682467450385543
24 0.5532043989381874 0.8041145240803944 0.13360826697004177 0.08411073189230187
49 0.7030527114144861 0.9004234610036658 0.06733978005309063 0.1333080520793833
56 0.7748957148274555 0.9444002022500317 0.09533560864618887 0.06933383895841222
