39 0.4631525723675894 0.5191126279863482 0.14952281633169018 0.1304038680318545
59 0.3854443180381747 0.5687713310580205 0.17785362153962828 0.12548350398179745
26 0.7847933257489572 0.5660978384527873 0.19074706105422837 0.09442548350398167
75 0.5647516116799394 0.5833333333333333 0.13617115408924285 0.05716723549488054
78 0.49854632789786374 0.8511945392491467 0.1820566300088485 0.12406143344709905
53 0.3388320060675009 0.8806598407281 0.13381683731513078 0.09701365187713296
21 0.775028441410694 0.856712172923777 0.22915876627480727 0.12039249146757672
39 0.7990772342308178 0.09726962457337884 0.13397484515231972 0.12426052332195676
45 0.37245607382126156 0.14880546075085324 0.27664012135001903 0.08100113765642776
56 0.5870623182909872 0.3312286689419795 0.12435216786752634 0.16319681456200227
76 0.39451396789280746 0.3979522184300341 0.259290860826697 0.10665529010238908
82 0.5556187586904311 0.4060295790671217 0.20996081405637707 0.08464163822525601
46 0.757931993426874 0.3951080773606371 0.21264694728858546 0.07673492605233215
