75 0.3539578794480755 0.4827826192205277 0.1318809005083515 0.054148511256354434
62 0.7052287581699347 0.620279593318809 0.16412490922294828 0.10173081578310351
21 0.3640885984023239 0.6236988622609537 0.13603848946986197 0.05608508835633028
82 0.37663398692810457 0.9131566206729606 0.17307552650689906 0.11990135560396988
29 0.737563543936093 0.9390999455337692 0.22082425562817712 0.12180010893246163
28 0.5487654320987654 0.931644880174292 0.10883260711692093 0.09437787460663255
59 0.3862745098039216 0.1982873396272089 0.17717864923747279 0.1022906076010651
25 0.7643972403776326 0.2295751633986928 0.20487472766884512 0.09334906802227062
22 0.6212236746550471 0.2419208424110385 0.14312817719680462 0.04154563059791817
78 0.4992011619462599 0.46075405470830305 0.1597403776325346 0.08552711207939968
18 0.701525054466231 0.4822984749455338 0.1986928104575162 0.09166969256838538
