36 0.5632765353212638 0.1977872441131227 0.16148976452490832 0.0294787599100698
28 0.28058809608330376 0.2739320790439001 0.13803100224825463 0.03538042835167436
86 0.6273813749852089 0.2739024967459472 0.08343687137616856 0.045704650337238154
57 0.21642409182345287 0.3267660631877884 0.06645663235120103 0.08530055614720151
83 0.30789255709383506 0.32898473553425633 0.12696722281386824 0.07957638149331435
28 0.47958821441249555 0.33303751035380424 0.1702757070169211 0.05131049579931362
18 0.3332741687374275 0.41214057507987223 0.18735948408472375 0.029242101526446553
52 0.778339841438883 0.39805940125428946 0.18057034670453187 0.07200331321737073
82 0.5896343627973021 0.4346822861199858 0.10389303041060216 0.026150751390368113
82 0.3212637557685481 0.5094959176428825 0.09793219737309192 0.03708141048396653
63 0.6270559697077269 0.6695657318660514 0.08435392261270871 0.036578511418767015
50 0.6968110282806769 0.703023310850787 0.05573304934327303 0.021180925334280114
