23 0.37210922787193973 0.3319962335216573 0.23725360954174515 0.1511299435028248
86 0.6588512241054614 0.3396045197740113 0.16790018832391718 0.04303201506591341
28 0.625969868173258 0.4097551789077213 0.2677306967984936 0.09320150659133708
25 0.8599560577526679 0.4052919020715631 0.14851537978656626 0.10653483992467043
72 0.19895166352793472 0.435517890772128 0.15955743879472692 0.10871939736346506
26 0.7906465787821719 0.5923917137476459 0.29318267419962335 0.1248210922787193
50 0.5885938480853735 0.7489265536723164 0.1372504708097928 0.11789077212806025
44 0.733804143126177 0.8196421845574389 0.2508631512868801 0.1551224105461394
82 0.9084934086629001 0.8195103578154425 0.06459196484620214 0.10111111111111112
50 0.20864406779661016 0.8607909604519774 0.14392969240426867 0.1114124293785311
56 0.8129692404268676 0.9543502824858756 0.1596233521657251 0.027419962335216812
