79 0.769335133744856 0.27274305555555556 0.18769290123456786 0.11631944444444445
84 0.5787680041152262 0.26782407407407405 0.1737139917695474 0.11365740740740746
56 0.7834297839506174 0.47783564814814816 0.11089248971193418 0.17002314814814826
38 0.3667116769547325 0.5157986111111111 0.1721836419753087 0.08414351851851858
55 0.6491448045267489 0.5406828703703703 0.20304783950617278 0.11215277777777782
29 0.430054012345679 0.669675925925926 0.20185185185185184 0.12245370370370365
55 0.6323431069958848 0.7004629629629631 0.2155606995884774 0.1199074074074073
23 0.8241833847736626 0.7132523148148149 0.17802211934156376 0.09664351851851866
42 0.7620241769547325 0.915162037037037 0.23032407407407401 0.16967592592592595
62 0.590695730452675 0.9440393518518518 0.1792566872427983 0.11192129629629635
58 0.3984567901234568 0.9796296296296296 0.20262345679012345 0.04074074074074079
