25 0.62109375 0.56015625 0.154296875 0.054296875
78 0.4015625 0.57734375 0.15625 0.0703125
80 0.78828125 0.58359375 0.113671875 0.142578125
59 0.63828125 0.5984375 0.2015625 0.090625
22 0.43515625 0.62734375 0.148046875 0.05625
56 0.76015625 0.82109375 0.086328125 0.1609375
56 0.67734375 0.82109375 0.0953125 0.165625
75 0.565625 0.8609375 0.11875 0.05
29 0.775 0.92578125 0.205859375 0.128125
67 0.5453125 0.9265625 0.17109375 0.115234375
18 0.36796875 0.94375 0.183203125 0.093359375
76 0.37421875 0.18125 0.2453125 0.11796875
62 0.79609375 0.2 0.130078125 0.090234375
26 0.46953125 0.2140625 0.21875 0.05390625
82 0.653125 0.2140625 0.15703125 0.0625
39 0.64296875 0.42734375 0.1609375 0.098828125
13 0.39609375 0.43671875 0.151953125 0.05625
41 0.5265625 0.4546875 0.09375 0.053515625
28 0.42265625 0.45625 0.135546875 0.056640625
