12 0.8884027777777778 0.25567708333333333 0.11151041666666686 0.15363715277777779
12 0.7615104166666666 0.2703298611111111 0.08766493055555565 0.15179687499999997
12 0.38447916666666665 0.33786458333333336 0.10986111111111115 0.16722222222222224
12 0.5874131944444445 0.37342013888888886 0.08766493055555565 0.15179687499999997
12 0.8577256944444442 0.3854340277777778 0.09781249999999986 0.1869791666666667
12 0.22743055555555552 0.3652256944444444 0.0844444444444445 0.14736111111111105
12 0.39526041666666667 0.43668402777777776 0.12940104166666666 0.20360243055555555
12 0.14937499999999998 0.47024305555555557 0.08078993055555558 0.1409548611111111
12 0.7067013888888889 0.50828125 0.1016232638888889 0.1652951388888889
12 0.9606618923611112 0.569670138888889 0.07867621527777757 0.14116319444444442
12 0.5212847222222223 0.5936979166666667 0.09622395833333322 0.1681770833333335
12 0.31947916666666665 0.6089236111111112 0.10405381944444443 0.15174479166666668
12 0.21836805555555555 0.6247222222222222 0.09682291666666662 0.14244791666666679
12 0.11979166666666666 0.7194618055555555 0.1165972222222222 0.18937500000000007
12 0.29861111111111105 0.7586284722222223 0.11773437500000003 0.18786458333333336
