36 0.5249169435215947 0.21630367909437678 0.16633751691891221 0.02279746523932567
28 0.2191891226774948 0.2863971945367294 0.14117140396210162 0.03362864525655218
86 0.573108157991879 0.2952627045650301 0.08337024732373566 0.047296050203026956
57 0.14583487141626678 0.340599237110865 0.06528854435831183 0.08271502399409382
83 0.23872892826381198 0.3417128091546696 0.11831549157130554 0.08101082810385138
28 0.4132890365448505 0.3524055617078873 0.17284976005906236 0.0523563430540175
18 0.24579180509413068 0.4295804109757598 0.18058631721422413 0.02549833887043193
52 0.7239817890980681 0.426645748738772 0.1616832779623476 0.07708871662360031
82 0.5196874615479267 0.46120954841885076 0.10247016119109144 0.023511135720438107
82 0.22908207210532794 0.5277593207825766 0.09604097452934661 0.027565522332964176
63 0.5237233911652516 0.7034883720930233 0.08029715762273895 0.03604651162790705
50 0.5913375169189122 0.7439830195644148 0.05928079242032731 0.02287129322013036
