25 0.6812187620146097 0.6111303344867359 0.1892060745866974 0.09899077277970017
80 0.860880430603614 0.6352364475201846 0.1358515955401769 0.16626297577854676
18 0.4741253364090734 0.6129181084198385 0.2210592079969243 0.09420415224913503
59 0.7282968089196462 0.6367935409457901 0.20409457900807387 0.10818915801614758
22 0.565763168012303 0.6606113033448674 0.13228565936178394 0.06410034602076117
56 0.8188004613610149 0.8914648212226066 0.114273356401384 0.18641868512110726
56 0.7210495963091118 0.8849480968858131 0.10772779700115338 0.18339100346020762
45 0.42577854671280274 0.9172433679354094 0.22911380238369852 0.14570357554786625
75 0.6003075740099961 0.9384083044982701 0.12035755478662043 0.07151095732410638
67 0.8560745866974241 0.9746251441753171 0.21680123029604 0.05074971164936589
47 0.6004998077662438 0.9833910034602076 0.21776239907727798 0.033217993079584854
62 0.867839292579777 0.20513264129181083 0.1419357939254135 0.10965974625144174
76 0.4102076124567474 0.1754901960784314 0.28962898885044214 0.10914071510957321
26 0.5135909265667051 0.20144175317185697 0.24025374855824685 0.0833910034602076
82 0.7134179161860823 0.21476355247981543 0.17673971549404077 0.08217993079584775
78 0.39986543637062666 0.44596309111880045 0.15300845828527487 0.1026239907727798
28 0.7862168396770473 0.48644752018454435 0.16390811226451374 0.06836793540945788
41 0.6493848519800077 0.4842560553633218 0.11215878508266053 0.07182814302191462
