23 0.4018932670689859 0.29069932552360667 0.13740681576144834 0.10749319607147079
86 0.550621228257011 0.28619098331558396 0.09575494024375801 0.04160750207076087
25 0.6618151698023903 0.33007928055851377 0.10969411903916704 0.06463436279730209
27 0.6334575789847355 0.41644184120222455 0.18820257957638145 0.06551887350609398
86 0.7988758726777896 0.40946633534492954 0.12712992545260923 0.0782836350727725
50 0.5314518991835285 0.5034197136433558 0.08969648562300334 0.04766595669151573
86 0.794521358419122 0.4953851615193468 0.12817713880014206 0.08311738255827712
44 0.6208436871376168 0.5284167554135605 0.10977694947343505 0.06623180688675896
50 0.3494438527984854 0.545692817418057 0.08621464915394624 0.06501005798130415
56 0.6411134776949473 0.6258726777896108 0.09843509643829143 0.10865873861081518
24 0.7268666430008284 0.7351496864276417 0.14183824399479347 0.08541888533901305
