38 0.8762798634812287 0.34321830362785993 0.02858361774744027 0.050970168120338735
82 0.64419795221843 0.33459739603084315 0.04308873720136519 0.06878713184173933
38 0.9044368600682594 0.346384780685122 0.02687713310580205 0.044482366325369734
38 0.8472696245733788 0.3502464922260144 0.025597269624573378 0.052521805081532036
38 0.8216723549488054 0.34806598407281003 0.02218430034129693 0.04594551889773737
38 0.8003412969283277 0.3503728984957654 0.023464163822525596 0.052411199595499884
38 0.7738907849829352 0.35326760207306285 0.02858361774744027 0.050970168120338735
44 0.5972696245733788 0.35946782960434837 0.08148464163822526 0.053713184173935044
82 0.6800341296928327 0.3637593224623942 0.042662116040955635 0.047860573884464686
56 0.15358361774744028 0.6240045506257109 0.06100682593856655 0.14736126911894845
56 0.08959044368600683 0.6590822904816079 0.07721843003412969 0.23480596637593218
85 0.6177474402730375 0.9441473897105295 0.048208191126279866 0.062226646441663605
85 0.7175767918088737 0.9659350903804829 0.03967576791808874 0.0681298192390342
13 0.386518771331058 0.9586082669700419 0.04906143344709898 0.06824358488181037
85 0.6569965870307167 0.9744043104537985 0.055034129692832764 0.05119137909240303
13 0.43600682593856654 0.9765326760207307 0.04948805460750853 0.046934647958538654
69 0.7005119453924915 0.9969978510934143 0.052901023890784986 0.006004297813171461
13 0.3822525597269625 0.9946972569839464 0.05460750853242321 0.01060548603210729
