86 0.082687338501292 0.41943521594684385 0.11406423034330011 0.06229235880398671
86 0.19387227759320783 0.4219269102990033 0.1091177556293835 0.06312292358803986
38 0.5200996677740864 0.5382059800664452 0.06026208933185686 0.029069767441860465
38 0.592358803986711 0.5382059800664452 0.06365817644887427 0.030730897009966777
56 0.20832410483573274 0.6013289036544851 0.09237726098191215 0.11627906976744186
56 0.06769564414913253 0.6420265780730897 0.13539128829826505 0.25664451827242524
13 0.6755075673680325 0.8164451827242525 0.09844961240310075 0.0473421926910299
43 0.8884459210040605 0.8280730897009967 0.12676264304171284 0.08637873754152824
22 0.10627537836840162 0.8604651162790697 0.10638612033960872 0.03903654485049834
15 0.5559246954595792 0.872093023255814 0.34330011074197114 0.06229235880398671
