86 0.5661016949152542 0.25790332705586944 0.09575329566854986 0.04263339610797244
23 0.39917137476459513 0.2500941619585687 0.1377495291902072 0.10406465787821721
28 0.540225988700565 0.3124293785310734 0.11745762711864399 0.0670370370370371
25 0.6842937853107345 0.31989956057752666 0.11314500941619572 0.06342749529190206
26 0.6533898305084745 0.41479598242310106 0.19230696798493407 0.06414626490897671
86 0.831412429378531 0.42656622724419335 0.11892655367231651 0.07600125549278089
50 0.5350094161958568 0.49669177652228497 0.07343691148775895 0.047824858757062196
86 0.8232768361581921 0.5175643440050219 0.12040489642184539 0.0853892027620842
82 0.7178154425612053 0.5332580037664784 0.0817043314500941 0.05798807281858143
50 0.3323540489642185 0.5191964846202135 0.07752354048964226 0.060310734463276706
56 0.6439736346516007 0.6386252354048965 0.09474576271186437 0.1115693659761457
56 0.9160828625235404 0.9535342121782799 0.0747645951035785 0.09293157564344001
