56 0.65703125 0.915625 0.0921875 0.168359375
50 0.61328125 0.23046875 0.078125 0.023828125
86 0.37734375 0.34375 0.148828125 0.024609375
86 0.2546875 0.35703125 0.078125 0.044921875
86 0.26796875 0.3671875 0.082421875 0.03984375
28 0.09453125 0.3796875 0.107421875 0.077734375
28 0.2234375 0.3921875 0.144140625 0.04765625
28 0.3671875 0.3953125 0.12109375 0.030859375
25 0.51640625 0.39609375 0.128125 0.030078125
13 0.47421875 0.55625 0.0890625 0.03203125
13 0.484375 0.5828125 0.094140625 0.050390625
27 0.2046875 0.60625 0.196484375 0.0625
