85 0.2781860134895279 0.24934327298544554 0.0589368122115726 0.062025204117855885
85 0.33113241036563723 0.259348006153118 0.08505502307419235 0.049035617086735275
85 0.34989350372736955 0.28546917524553306 0.08716719914802981 0.06069991716956578
28 0.3823748668796592 0.4152703822032896 0.15984203052893153 0.05530410602295597
28 0.3767838125665602 0.45141995030173937 0.163471778487753 0.03835936575553195
38 0.21144834930777423 0.4958525618270027 0.03596024139155131 0.02019287658265294
38 0.15695775647852325 0.5026624068157614 0.04351260205892792 0.019787599100698227
74 0.5778132765353212 0.482434031475565 0.039048633297834597 0.01796237131700385
82 0.8485800496982605 0.4683942728671163 0.023287184948526808 0.021926399242693188
74 0.6136137735179269 0.4837652348834457 0.033910188143414954 0.018891255472725174
82 0.801313454029109 0.47403265885693996 0.026979055733049383 0.015344337948171903
82 0.7358182463613773 0.4774287066619335 0.022674831380901688 0.017113359365755487
82 0.7667909123180688 0.47980712341734705 0.02493787717429886 0.023207312744054038
86 0.2952609158679446 0.5106318778842741 0.12571884984025566 0.06748017986037154
82 0.8208200212992544 0.483380665010058 0.03722932197373108 0.02185244349781091
82 0.6913560525381611 0.49168737427523374 0.03731806886758959 0.023849248609631998
74 0.5618920837770678 0.4999940835404094 0.060481008164714196 0.025050289906519897
74 0.6121050763223288 0.49978109099514845 0.026872559460419023 0.0129481718139866
82 0.7278842740504082 0.49457460655543717 0.03265885694000712 0.017631049579931234
82 0.7837948171813987 0.4916755413560525 0.038924387646432385 0.015166844160454331
38 0.19589989350372738 0.5229558632114542 0.037655307064252755 0.013507277245296358
38 0.13817891373801916 0.5307300911134777 0.05525381611643595 0.023982368950420132
38 0.1864039758608449 0.5393858714944977 0.042731629392971246 0.02014554490592825
38 0.12403265885694001 0.5442137025204118 0.05844870429534964 0.024148029818956168
86 0.29385871494497695 0.5601112294403029 0.11465211217607386 0.06053129807123413
78 0.5617678381256656 0.556579103064726 0.03992722754703598 0.028765826529404813
38 0.11285055023074192 0.5806531771388002 0.05949591764288249 0.04771033013844517
78 0.6039936102236422 0.5567802626908058 0.04173766418175357 0.033640989232043624
78 0.5281150159744409 0.5607147083185422 0.03366169684061072 0.031230031948881718
38 0.1758785942492013 0.5789788190746658 0.06270855520056799 0.0482753520293456
27 0.5094781682641107 0.6573068275943675 0.18606673766418172 0.044710685126020486
46 0.2624778132765353 0.8717252396166135 0.21287717429889955 0.04729617796710417
56 0.8378061767838126 0.19084132055378059 0.12137025204117835 0.23858419121997396
56 0.709868654597089 0.20066264347414509 0.12202697905573309 0.23543071825819428
85 0.3257720979765708 0.2365163885930659 0.04324636137735175 0.031727014554490555
85 0.41439474618388356 0.23271802153591287 0.040956691515796985 0.03399893503727365
