28 0.06772304950999108 0.4760595647193585 0.13544609901998217 0.040190276186839756
28 0.0677230495099911 0.5713185694285351 0.1354460990199822 0.05727376861397487
56 0.8535064273895889 0.5361015654830088 0.06508845615374809 0.09078846888125232
62 0.645971744940817 0.5578210512918417 0.07973781341478933 0.03470154002800049
28 0.07790505281914216 0.6283123329515082 0.10188367061219294 0.04886088837978873
50 0.5505281914216622 0.6311378388697976 0.04404034618811255 0.03172966781214209
50 0.5049509991090747 0.6346951762759322 0.05847333587883415 0.02102265495736284
50 0.4576110474735904 0.6392134402443681 0.0413516609392897 0.029429171439480647
50 0.5005345551737305 0.653799159984727 0.07960417462135672 0.032124220440371616
56 0.768098510882016 0.6636375206821943 0.06633256968308525 0.09000572737686138
38 0.8038118874888635 0.18960799287259766 0.0832856051928216 0.037052946417207626
38 0.9464235713376605 0.18115693012600229 0.08452335497009024 0.04440626193203511
47 0.4737495227185949 0.2288659793814433 0.1398148148148149 0.02884052437317042
86 0.6193076237749777 0.22966144838997074 0.06414662084765184 0.023071783123329564
86 0.6862415680285096 0.24368079419625813 0.06923444062619326 0.022088583428789613
86 0.8492427135038818 0.2879788723431335 0.13624793178057784 0.05089728904161891
86 0.9420389461626575 0.298752704594629 0.08171057655593755 0.05623011327478683
55 0.529782359679267 0.35401552755504645 0.1086578846888124 0.030848288150693636
