64 0.18853948287910552 0.6324423480083857 0.059163172606568816 0.03824539948753795
40 0.06176915909620313 0.771965991148381 0.032876193803866756 0.04492196599114838
40 0.06402282785930585 0.8001514092709062 0.02110121127416724 0.03162415560214294
40 0.031225250407640348 0.8238819007686932 0.02017237363149313 0.02257162823200532
50 0.3192115071045889 0.8773468436990449 0.02873573258793379 0.04126776147216407
50 0.2944619147449336 0.8976997437689261 0.03535115303983231 0.046957255998136375
50 0.2617633356627067 0.9065164220824599 0.031068017703237794 0.0342738178430002
50 0.22957139529466575 0.9200267877940834 0.031137898905194524 0.03545306312601943
13 0.11773235499650597 0.9665036105287678 0.045807127882599566 0.05786163522012572
56 0.11157116235732588 0.2493943629163755 0.07409736780805962 0.19093582576286974
