86 0.715625 0.07734375 0.116015625 0.08125
86 0.6046875 0.0796875 0.108984375 0.08515625
28 0.4875 0.12890625 0.11875 0.107421875
86 0.715625 0.1484375 0.115625 0.059765625
28 0.36875 0.15 0.143359375 0.059765625
86 0.60390625 0.15078125 0.103125 0.059375
74 0.24453125 0.671875 0.03125 0.033984375
74 0.278125 0.67578125 0.040234375 0.065625
74 0.3515625 0.6890625 0.03515625 0.04609375
74 0.22265625 0.6890625 0.0234375 0.04375
74 0.4 0.68984375 0.065234375 0.032421875
74 0.2484375 0.70390625 0.044140625 0.026953125
74 0.2015625 0.740625 0.040625 0.069140625
74 0.3828125 0.74453125 0.049609375 0.054296875
21 0.65 0.74765625 0.197265625 0.098828125
74 0.28984375 0.75 0.1375 0.062109375
