86 0.4796875 0.325 0.084375 0.034375
23 0.3328125 0.32578125 0.124609375 0.0828125
28 0.45546875 0.3640625 0.111328125 0.043359375
25 0.57890625 0.36875 0.103125 0.047265625
86 0.7140625 0.453125 0.103125 0.062109375
26 0.55625 0.45546875 0.16796875 0.044921875
86 0.7078125 0.53359375 0.10859375 0.066796875
50 0.45390625 0.5359375 0.069921875 0.037109375
82 0.6203125 0.55546875 0.065234375 0.042578125
44 0.5203125 0.5625 0.119140625 0.047265625
50 0.2796875 0.56796875 0.071875 0.0484375
56 0.55859375 0.6546875 0.080078125 0.093359375
56 0.83125 0.928125 0.08203125 0.121875
