69 0.452527924750147 0.7577483833039389 0.20002939447383886 0.10886243386243374
13 0.06472663139329807 0.7640681951793064 0.07642563198118751 0.09639035861258084
13 0.17225161669606115 0.8021164021164021 0.1280276308054086 0.09984420928865366
13 0.3120811287477954 0.8357436801881246 0.1289241622574956 0.10266901822457392
13 0.4628453850676073 0.8652674897119341 0.15892122281011162 0.11078189300411533
28 0.5182245737801293 0.13682539682539682 0.2553203997648442 0.14777483833039393
28 0.5029688418577307 0.2594591416813639 0.22197236919459146 0.124021164021164
28 0.7439741328630217 0.2879952968841858 0.2547178130511463 0.11012345679012339
56 0.40776014109347436 0.4256613756613757 0.19832451499118167 0.10559376837154613
56 0.6551146384479718 0.518718400940623 0.28647854203409767 0.1658553791887124
56 0.3828630217519106 0.5231746031746032 0.21776895943562613 0.1174368018812463
