23 0.4185481008164714 0.3896994438527985 0.20291977280795162 0.14161637676014674
28 0.5965743698970536 0.41092770086380315 0.1385782747603834 0.07589634362797312
25 0.7553603123890664 0.429990533664655 0.14723109691160804 0.0821352502662408
86 0.2310259140930067 0.42402674239734944 0.14686723464678733 0.08292213939178789
26 0.7225239616613418 0.5526564903561708 0.24391196308129212 0.06784995858478274
49 0.3584487042953497 0.5450597562418649 0.3509407170749023 0.07102118092533431
24 0.4949236776712815 0.6543959294758016 0.17606496272630462 0.0758105549639095
82 0.7985800496982606 0.6665838362323985 0.09882854100106497 0.06993255236066746
50 0.315264465743699 0.6682167790793989 0.09833155839545614 0.0766980239024968
44 0.6656372026979055 0.6905632469530233 0.17444089456869016 0.10208555200567981
56 0.6995385161519347 0.80722991361969 0.08580937167199153 0.12697905573304924
