27 0.6985610200364298 0.8074681238615664 0.5432058287795992 0.34513661202185786
2 0.3259927140255009 0.0792896174863388 0.19719489981785066 0.1585792349726776
2 0.12123861566484516 0.13852459016393442 0.24247723132969032 0.27704918032786885
2 0.484735883424408 0.22300546448087433 0.23880692167577414 0.44601092896174865
2 0.05619307832422587 0.39823315118397085 0.11238615664845174 0.4461566484517304
2 0.6197085610200365 0.41300546448087433 0.26932604735883425 0.30962659380692176
2 0.3174681238615665 0.6377049180327868 0.22169398907103827 0.3955373406193079
2 0.589344262295082 0.6739344262295083 0.3612386156648453 0.3370491803278687
27 0.23593806921675772 0.6953734061930784 0.4160109289617486 0.535601092896175
27 0.02360655737704918 0.7274134790528233 0.04721311475409836 0.5451730418943533
