28 0.22965940216744074 0.16993569131832795 0.21468083839466476 0.0754287245444802
38 0.840002381803025 0.21418363701321902 0.29948791234964867 0.07731332618792419
13 0.23380373943074909 0.2758306538049303 0.130275693700131 0.07355305466237942
84 0.23459568893652494 0.3689531975705609 0.21198344646897704 0.06212040014290822
18 0.5861140883648922 0.49603429796355836 0.21563058235083965 0.13245802072168636
50 0.33246397522924853 0.5410146480886031 0.1014737406216506 0.060066095033940656
50 0.4609146123615577 0.5413719185423366 0.1729427176372514 0.07570560914612373
84 0.39560557341907826 0.6704894605216148 0.15650827676551157 0.09942836727402642
84 0.5708169584375372 0.6826545194712397 0.185340002381803 0.07477670596641668
53 0.23748957961176612 0.824151482672383 0.08311897106109323 0.07772418720971774
