85 0.30708959784867373 0.2526585991932527 0.06133418897445299 0.06321048771543819
85 0.36305463879721306 0.2679073462901846 0.08820437599315491 0.04938271604938271
85 0.3851362914069184 0.2967241168561301 0.09047488082141548 0.061407529641853024
28 0.4317992910402152 0.43432954406551766 0.1654779366825572 0.054715193741596356
28 0.42959907101821293 0.4713054638797213 0.16909607627429402 0.03714399217699563
38 0.2623823493460457 0.5021696614105855 0.037287617650653984 0.0203214765921036
38 0.20649064906490647 0.5042170883755042 0.04508311942305342 0.01978670089231149
74 0.6413946950250581 0.5219716416086052 0.04045960151570706 0.01796846351301801
82 0.9210976653220878 0.5323310108788657 0.024214643686590827 0.022307786334188905
74 0.6786945361202787 0.52664710915536 0.03516073829605176 0.019007456301185603
82 0.8725889255592226 0.5338283828382838 0.027976408751986297 0.015447378071140406
82 0.804932159882655 0.5313225767021146 0.023545410096565144 0.01734201197897564
82 0.837324287984354 0.5366397750886199 0.025928981787067547 0.023606527319398586
86 0.3508678645642342 0.5252108544187752 0.13033553355335536 0.06782483803935949
82 0.8937721549932771 0.5453184207309619 0.03861080552499714 0.02201747952573038
82 0.7601943527686102 0.5420180906979586 0.038717760664955525 0.024080185796357442
74 0.6266165505439433 0.5387177606649554 0.06264515340422926 0.02496638552744152
74 0.6787250947316954 0.5431182007089598 0.02784806258403616 0.01297213054638793
82 0.7984048404840485 0.5483742818726316 0.033858941449700454 0.01772399462168424
82 0.8561606160616062 0.5505133846718004 0.04030986431976517 0.015080674734140122
38 0.24894267204498227 0.5288473291773622 0.0389866764454223 0.013384671800513342
38 0.18979342378682315 0.5315976042048649 0.057239335044615584 0.023942672044982242
38 0.24072240557389074 0.5450128346167951 0.04427942794279434 0.020168683535020087
38 0.1764515340422931 0.5442794279427944 0.06053966507761888 0.02406490649064894
86 0.35434543454345435 0.5763965285417431 0.11885466324410213 0.06081163671922747
78 0.6321293240435154 0.5973902945850141 0.041449700525608084 0.02912235668011246
38 0.16847573646253516 0.581041437477081 0.061801735729128456 0.04840484048404828
78 0.6759870431487593 0.6014851485148515 0.04335655787801001 0.034133968952450855
78 0.5976042048649309 0.5985820804302653 0.03499877765554337 0.03176567656765677
38 0.23374281872631708 0.5851057327955018 0.06512345679012346 0.04893961618384058
27 0.5878865664344212 0.6970419264148637 0.19247646986920913 0.043362669600293446
46 0.35283583913946953 0.8966813348001467 0.22018090697958684 0.04562400684512915
56 0.8822393350446157 0.24349101576824353 0.12715743796601894 0.24475919814203642
56 0.750397261948417 0.24190196797457525 0.12781139225033614 0.24148942672044985
85 0.3552132991076885 0.24373548465957706 0.044899767754553274 0.03213237990465714
85 0.4468402395795135 0.24795257303508125 0.04255286639775094 0.03451595159515945
