64 0.7755017921146954 0.05702508960573476 0.15100358422939075 0.051827956989247324
50 0.503673835125448 0.5863440860215053 0.0605376344086021 0.04136200716845869
50 0.5305197132616487 0.6342652329749103 0.07425627240143369 0.060501792114695446
43 0.622562724014337 0.6431899641577061 0.05696236559139775 0.04362007168458787
43 0.63252688172043 0.6927777777777778 0.09780465949820792 0.06879928315412188
13 0.5906093189964158 0.8367383512544804 0.08577060931899627 0.07108422939068078
65 0.7616487455197133 0.8475627240143369 0.07603046594982082 0.06783154121863816
65 0.6852867383512545 0.8554480286738351 0.07723118279569892 0.0674820788530467
63 0.7387455197132616 0.9045519713261648 0.08502688172043016 0.05574372759856634
63 0.8227598566308244 0.9147311827956989 0.07218637992831546 0.05799283154121858
63 0.6929569892473119 0.9468279569892473 0.0844982078853047 0.06820788530465932
63 0.602652329749104 0.9436200716845878 0.08861111111111108 0.07201612903225821
63 0.7768458781362008 0.9513620071684588 0.08543906810035834 0.056164874551971465
63 0.8785125448028674 0.9582974910394264 0.08520609318996417 0.0638082437275986
