75 0.35837279902853675 0.47112932604735885 0.13165148755312692 0.046602914389799494
62 0.7190528233151184 0.5773102610807529 0.1633272616879173 0.09254401942926536
21 0.3789192471159684 0.6110503946569521 0.13579842137219184 0.048302975106253886
82 0.41287795992714027 0.8991985428051003 0.17204614450516084 0.11028840315725574
29 0.7752944748026716 0.8979295689131754 0.21982999392835453 0.11918943533697664
28 0.5859987856709169 0.9023740133576198 0.10790224650880388 0.08844565877352766
59 0.36954462659380694 0.1839526411657559 0.17642987249544634 0.0923284760170006
25 0.7491499696417729 0.18160898603521552 0.2043806921675774 0.08168184578020649
22 0.6072070431086825 0.20667273831208258 0.1431360048573163 0.03325440194292653
78 0.5016636308439587 0.4362052216150577 0.15916514875531276 0.0765057680631452
18 0.705136612021858 0.4397510625379478 0.19819672131147537 0.08036126290224639
