3 0.030334486735870816 0.30590798410867615 0.06066897347174163 0.14814814814814814
3 0.26038062283737023 0.32183134691785215 0.11908881199538636 0.14894912213251316
3 0.8652249134948097 0.354639241317442 0.12107843137254905 0.13996219402793797
3 0.3814302191464821 0.3401896706394976 0.10493079584775082 0.17603806228373703
3 0.10438292964244521 0.3464052287581699 0.15380622837370242 0.20373574266307826
3 0.716724336793541 0.3708189158016148 0.11066897347174169 0.1779764193259003
3 0.4775663206459054 0.3680315263360246 0.09746251441753159 0.14814814814814814
3 0.6013840830449827 0.38389081122645136 0.11756055363321807 0.1389689862873254
2 0.8045559400230681 0.406157887991798 0.12047289504036908 0.16971036780725365
2 0.9033448673587082 0.47225426118159686 0.10911188004613599 0.13520440856080995
2 0.03322520184544406 0.44386774317570166 0.06645040369088812 0.1363417916186082
2 0.20570934256055365 0.45248622324746895 0.10553633217993079 0.17864923747276684
2 0.6784890426758939 0.4760668973471741 0.10729527104959628 0.15973023196206598
2 0.9656286043829296 0.48756888376265534 0.017993079584775244 0.14045879789824434
2 0.30011534025374853 0.4672561835191593 0.11487889273356397 0.16346277072920679
2 0.5570357554786621 0.4897795719595028 0.10025951557093433 0.1577438164808406
2 0.39342560553633216 0.48545431244393183 0.09734717416378313 0.1852492631039345
2 0.10640138408304499 0.4852300397283096 0.11245674740484429 0.1336024605920799
2 0.48581314878892734 0.5174932718185314 0.10542099192618215 0.17691913366653847
3 0.9542675893886966 0.09864795591439192 0.09146482122260689 0.12937331795463286
3 0.3649365628604383 0.08028963219274639 0.1317185697808535 0.1377675253107779
3 0.5524221453287197 0.09070229398949121 0.1131487889273356 0.1439830834294502
3 0.09204152249134949 0.07625272331154684 0.13771626297577855 0.15007048571062412
2 0.9077277970011536 0.9343201332820711 0.0733564013840832 0.1313597334358579
2 0.6392156862745099 0.9342240164039473 0.10726643598615918 0.13155196719210546
2 0.7755478662053056 0.942009483531975 0.09965397923875417 0.1159810329360501
2 0.49867358708189163 0.937684224016404 0.1064590542099192 0.12463155196719196
2 0.33160322952710497 0.9492182493912598 0.11487889273356397 0.10156350121748044
2 0.054267589388696656 0.9454376521850572 0.10853517877739331 0.10912469562988565
2 0.20346020761245676 0.9486095091631424 0.11118800461361017 0.1027809816737152
