56 0.39100346020761245 0.10181340510060233 0.10380622837370242 0.1728181468665898
38 0.8313148788927336 0.17494553376906316 0.15397923875432526 0.07148532615660642
13 0.46453287197231835 0.3918300653594771 0.24740484429065743 0.06767909778290397
55 0.7802768166089965 0.4311098295527361 0.2041522491349481 0.09471997949506605
55 0.5700692041522492 0.4470267845700372 0.20242214532871972 0.06009227220299887
27 0.35207612456747406 0.44639241317442013 0.15397923875432526 0.07148532615660648
29 0.39705882352941174 0.58719723183391 0.185121107266436 0.14115083942073564
28 0.5977508650519031 0.5901704472638728 0.11937716262975778 0.11595540176855058
55 0.8019031141868512 0.601845444059977 0.20242214532871972 0.1241061130334487
53 0.6323529411764706 0.870959887222863 0.10899653979238755 0.07773933102652836
