28 0.6235150244584207 0.3741090146750524 0.10605928255299323 0.04590903796878633
38 0.7775157232704403 0.40629513160959707 0.14270323782902414 0.10312718378756126
28 0.6278825995807128 0.4282320055904962 0.11227579781038897 0.06545539249941773
27 0.649312834847426 0.7303750291171675 0.19579839273235508 0.13844339622641502
50 0.421470999301188 0.746127416724901 0.08787561146051716 0.08459119496855338
56 0.6697822035872351 0.1346203121360354 0.1234859072909386 0.262200093174936
56 0.5849638947123225 0.1413813184253436 0.1218262287444678 0.21738877242021898
55 0.2322385278360121 0.2518285581178663 0.2676450034940601 0.06566503610528773
55 0.22129047286279993 0.29650593990216634 0.2732791754018169 0.09067377125553225
28 0.6217388772420219 0.3261530398322851 0.10661250873515023 0.060846144887025326
