56 0.3899884259259259 0.71875 0.1633230452674898 0.24305555555555555
86 0.7188335905349794 0.1814236111111111 0.14144483024691348 0.08463541666666667
86 0.5895576131687243 0.1857638888888889 0.15363940329218118 0.058159722222222224
25 0.47072402263374485 0.1918402777777778 0.21532278806584357 0.12022569444444445
50 0.6344714506172839 0.22916666666666666 0.14461805555555549 0.03515625
17 0.6417116769547325 0.3663194444444444 0.36442901234567887 0.10677083333333333
50 0.3718428497942387 0.4314236111111111 0.10833976337448556 0.047309027777777776
50 0.17141203703703703 0.4375 0.09486882716049383 0.07552083333333333
17 0.5326003086419753 0.4427083333333333 0.17792245370370374 0.0859375
50 0.23233024691358026 0.4479166666666667 0.11192129629629625 0.0546875
