28 0.15726351351351353 0.4901839339339339 0.14859234234234234 0.038425925925925974
28 0.1652027027027027 0.5838463463463464 0.1551801801801802 0.055180180180180116
56 0.9497747747747748 0.55503003003003 0.0652590090090088 0.08881381381381383
62 0.7468468468468469 0.5748748748748749 0.07882882882882876 0.03354604604604605
28 0.19268018018018018 0.6400525525525526 0.10078828828828831 0.04730980980980982
50 0.6609234234234234 0.6462837837837838 0.04372184684684684 0.030884009009008957
50 0.6162162162162161 0.6494494494494495 0.05774211711711722 0.020248373373373308
50 0.5698761261261261 0.6535472972972972 0.04104729729729722 0.02864114114114108
50 0.6140765765765765 0.6682057057057057 0.07865990990990981 0.031012262262262266
56 0.8801238738738738 0.679836086086086 0.06646959459459444 0.08803490990990973
38 0.8600788288288288 0.21389514514514515 0.08234797297297297 0.0358327077077077
38 0.979222972972973 0.2072384884884885 0.0415540540540539 0.0418293293293293
47 0.5378941441441442 0.2500938438438438 0.1377533783783783 0.02734296796796798
86 0.6820945945945946 0.25193943943943947 0.0633445945945946 0.02222222222222224
86 0.75 0.2662162162162163 0.06832770270270278 0.021218093093093127
86 0.9165540540540539 0.3109734734734735 0.1345720720720718 0.04906156156156162
86 0.9845720720720721 0.32286036036036037 0.03085585585585583 0.0534784784784785
55 0.6079954954954954 0.3735860860860861 0.10717905405405413 0.029545170170170207
