22 0.5406586966713549 0.595815752461322 0.1945499296765119 0.10448898265353948
69 0.6577121425222691 0.8089545241443975 0.06374238162212836 0.06326183778715432
85 0.5716479137365214 0.8287037037037037 0.08983239568682605 0.06185536802625413
69 0.7253047351148616 0.8581223628691984 0.09481364275668072 0.09367674636661977
85 0.6282231598687296 0.8853727144866386 0.09875175808720102 0.09144983591186125
13 0.3776605719643695 0.906938584153774 0.0796354899203 0.07334153774027173
63 0.261685419596812 0.9461439287388655 0.08845522737927806 0.08948663853727161
13 0.4066279887482419 0.965394983591186 0.09396390060947017 0.06921003281762797
63 0.2904594467885607 0.9808661509610876 0.06997187060478201 0.038267698077824715
57 0.12202883263009845 0.1373945147679325 0.15861462728551334 0.27162447257383965
