29 0.4179456018518518 0.22940393518518518 0.17413194444444446 0.1027430555555556
13 0.8218576388888887 0.25112847222222223 0.10383101851851854 0.10065972222222222
13 0.7492939814814815 0.25986111111111115 0.10518518518518523 0.0726157407407408
60 0.6586979166666667 0.25906828703703705 0.15209490740740747 0.07973379629629633
56 0.3826967592592593 0.4259375 0.09812499999999993 0.17377314814814823
38 0.5760532407407407 0.488287037037037 0.10523148148148138 0.07886574074074079
27 0.748761574074074 0.5042708333333333 0.19111111111111115 0.0755092592592593
84 0.4255613425925926 0.6249594907407408 0.13021990740740746 0.07859953703703706
55 0.7357233796296296 0.6418229166666667 0.27866898148148156 0.08785879629629641
56 0.6051793981481481 0.8357581018518518 0.09334490740740727 0.16103009259259266
55 0.45876736111111116 0.8906423611111112 0.16804398148148145 0.12429398148148181
55 0.7596701388888889 0.9226446759259259 0.1696412037037039 0.12906249999999986
