11 0.85625 0.12421875 0.02734375 0.03125
11 0.90703125 0.13125 0.05234375 0.13984375
11 0.8171875 0.13359375 0.07421875 0.10546875
3 0.4359375 0.134375 0.08984375 0.12421875
11 0.859375 0.13515625 0.23984375 0.2140625
2 0.51015625 0.13515625 0.08828125 0.0859375
3 0.4078125 0.140625 0.20390625 0.2078125
3 0.33984375 0.15703125 0.08046875 0.096875
11 0.85234375 0.20234375 0.0203125 0.0203125
11 0.94765625 0.215625 0.0578125 0.09765625
11 0.83125 0.23359375 0.03046875 0.02890625
11 0.88671875 0.25078125 0.0625 0.12421875
11 0.89375 0.28203125 0.0390625 0.05859375
3 0.5015625 0.28203125 0.1125 0.15234375
11 0.94921875 0.35234375 0.1 0.1734375
2 0.6984375 0.353125 0.11015625 0.165625
2 0.6984375 0.35859375 0.10703125 0.15
3 0.571875 0.45078125 0.08203125 0.146875
2 0.75078125 0.5203125 0.07265625 0.1109375
2 0.846875 0.5875 0.09140625 0.1578125
2 0.9234375 0.6890625 0.06328125 0.09296875
3 0.75 0.71640625 0.23671875 0.3390625
2 0.846875 0.72734375 0.09609375 0.1609375
11 0.8765625 0.07578125 0.0625 0.06875
2 0.57890625 0.0796875 0.0515625 0.103125
11 0.76484375 0.08203125 0.0265625 0.05703125
3 0.3546875 0.0828125 0.09453125 0.09921875
