29 0.3971945367294204 0.15145810262089332 0.2200073827980805 0.1012427710102129
13 0.7408945490340839 0.16219392149624706 0.0946843853820598 0.09035314384151594
13 0.8284114679463517 0.1798080472499077 0.08514827119478298 0.07368032484311554
56 0.3698166605143349 0.3641688199827735 0.10865017841762024 0.16682662729174358
38 0.5390980681678357 0.4210225175341455 0.12839916328288423 0.09724375538329022
27 0.7600283007259752 0.44179894179894175 0.2696566998892579 0.07670727205610912
55 0.5872093023255814 0.5783868586194167 0.23778762150855176 0.09473360403592966
23 0.34465362372339114 0.5918050941306755 0.15282392026578073 0.09078380706287693
55 0.40540789959394613 0.881063122923588 0.2519379844961241 0.10645994832041356
55 0.6858311800172265 0.8831364587178541 0.2254829580410976 0.10792420327304045
