23 0.28411073189230185 0.4746871444823664 0.24941221084565796 0.17645051194539246
86 0.5671786120591581 0.4966628744785742 0.16785172544558205 0.09270003792188107
72 0.12116040955631399 0.5818923018581722 0.09089874857792944 0.10121350018960944
28 0.4953924914675768 0.6138983693591201 0.21842055365946145 0.1818923018581723
25 0.7649222601441031 0.6301478953356087 0.22445013272658332 0.14635949943117177
50 0.45654152445961316 0.8248388320060674 0.14240614334470997 0.09838832006067502
50 0.12946530147895335 0.8999810390595374 0.11660030337504741 0.12622298065984078
44 0.5873151308304893 0.9357034508911641 0.23125711035267346 0.1074516496018203
82 0.7781759575274932 0.9530574516496019 0.141590822904816 0.09388509670079634
44 0.6394577171027682 0.9943875616230565 0.1390595373530526 0.011224876753887001
