56 0.34744530008556407 0.711991199119912 0.1655054394328322 0.2377704437110379
86 0.6978425620339811 0.2154932159882655 0.13801796846351305 0.0863678034470113
86 0.5746607994132746 0.21415474880821414 0.14849040459601515 0.06173450678401181
25 0.46128223933504464 0.21490649064906492 0.20974208531964322 0.12329482948294834
50 0.614295318420731 0.25727906123945726 0.13894389438943902 0.03950311697836447
17 0.6115205965040947 0.3878621195452878 0.3508984231756508 0.11681334800146682
50 0.3504278205598338 0.43830216354968826 0.10497494193863827 0.04951411807847438
50 0.15949150470602616 0.43560689402273556 0.09336266960029337 0.0757425742574259
17 0.5024324654687692 0.4558122478914558 0.17274477447744785 0.08914558122478917
50 0.21666055494438335 0.4480748074807481 0.1086908690869087 0.05667400073340666
