69 0.439037037037037 0.7448333333333333 0.21078703703703713 0.11277777777777791
13 0.0529074074074074 0.7957592592592592 0.039296296296296294 0.0984814814814816
13 0.1452222222222222 0.8243827160493827 0.13514814814814818 0.10386728395061728
13 0.29224074074074075 0.8434876543209877 0.13611111111111104 0.1068271604938271
13 0.4507037037037037 0.8569876543209876 0.1676574074074074 0.11511419753086405
28 0.5031481481481482 0.08249382716049382 0.2691203703703703 0.15321604938271605
28 0.4880925925925926 0.21357407407407408 0.23393518518518513 0.1285277777777778
28 0.7412592592592592 0.2154814814814815 0.2681944444444444 0.11367592592592586
56 0.389462962962963 0.3999382716049383 0.2089722222222222 0.10935802469135798
56 0.6497962962962962 0.4691296296296296 0.3019629629629628 0.171962962962963
56 0.3640925925925926 0.5056604938271605 0.22947222222222222 0.121645061728395
