56 0.37220376522702103 0.10782576596530084 0.13576965669988927 0.1714285714285714
23 0.5221176325827489 0.15572166851236618 0.1383659406915221 0.07359419219884339
38 0.8261781715270088 0.14992617201919525 0.1549526270456503 0.07113325950535253
27 0.6692567983265657 0.1655407899593946 0.13654485049833895 0.051913375169189126
13 0.4697551371969977 0.37779008244124523 0.2563307493540052 0.08303186907838069
55 0.7191768180140273 0.3989233419465978 0.17675649070997906 0.10049218653869807
55 0.48084163898117394 0.4162667651039744 0.26135105204872633 0.08827365571551618
29 0.41369509043927644 0.5493663098314261 0.1851359665313154 0.11088962716869699
55 0.7958840900701366 0.5469976621139412 0.22831303063861205 0.11146794635166724
28 0.6182539682539682 0.5711640211640212 0.09527500922849769 0.08464377999261714
53 0.5943706164636398 0.8241602067183462 0.1534514581026208 0.09264181124646248
