36 0.5417465388711395 0.24114305999290023 0.1593805466808662 0.024278191929949143
28 0.25241391551295705 0.2956277363625606 0.13485977990770323 0.034327298544550924
86 0.5937699680511181 0.31931132410365637 0.07886048988285412 0.046636492722754726
57 0.18565850195243166 0.34473435096438293 0.0604543840965566 0.08041356052538154
83 0.2751686190983315 0.3497810909951485 0.11151934682286123 0.079532008046385
28 0.44398296059637915 0.36755413560525385 0.16480298189563358 0.052774819547982535
18 0.2882321618743344 0.43477694947343515 0.17301206957756476 0.027076677316294002
52 0.7483848065317714 0.45240208259377584 0.15335463258785942 0.07638149331440061
82 0.5541711040113597 0.4769790557330493 0.09791444799432025 0.02405336646550716
82 0.279144479943202 0.5286948290143177 0.09161341853035147 0.027857649982250588
63 0.5753283635072772 0.7106792095609986 0.07622470713525031 0.035782747603834014
50 0.6433084842030529 0.7526032422198556 0.05638090166844166 0.02282274287066624
