82 0.8242283950617284 0.11027777777777778 0.12709259259259245 0.17093209876543214
82 0.7041358024691358 0.12188888888888888 0.11057098765432101 0.1341450617283951
82 0.5832777777777778 0.12432716049382717 0.10434876543209877 0.13784876543209876
22 0.31129012345679014 0.16564814814814816 0.365391975308642 0.05562037037037034
26 0.5571975308641975 0.3824814814814815 0.1270586419753086 0.053854938271604924
78 0.2720061728395062 0.40620370370370373 0.04162345679012352 0.1069691358024691
78 0.21616049382716046 0.40745679012345676 0.07102777777777779 0.13926851851851854
26 0.5263888888888889 0.49142592592592593 0.07341049382716051 0.0672067901234567
78 0.18719753086419752 0.4922469135802469 0.08897530864197535 0.08732098765432093
26 0.5971851851851853 0.4969506172839507 0.06207098765432098 0.05504012345679011
78 0.26712345679012345 0.5028395061728395 0.057222222222222285 0.07541975308641971
78 0.1641604938271605 0.5645802469135803 0.03336419753086422 0.06066049382716036
78 0.2224320987654321 0.5733456790123457 0.0676975308641975 0.08341358024691355
78 0.27217901234567904 0.6078827160493826 0.06305555555555561 0.07546296296296305
78 0.17861728395061727 0.6380246913580246 0.057290123456790146 0.08458641975308638
78 0.23419753086419756 0.672604938271605 0.06597222222222228 0.07548456790123453
52 0.41416049382716047 0.9014629629629629 0.5031358024691358 0.1970740740740742
52 0.8283456790123457 0.9009814814814816 0.24150617283950623 0.1980370370370368
