56 0.7589767733835531 0.17227871939736347 0.1554676710608914 0.16838669177652227
29 0.3867106089139987 0.1981230382925298 0.2042059008160703 0.11318267419962334
13 0.4636220966729442 0.45607030759573136 0.06981795354676698 0.04509730069052108
13 0.34741368487131197 0.46875706214689267 0.10913998744507214 0.09143753923414934
38 0.527834274952919 0.48329566854990585 0.10377903327055862 0.054074074074074135
27 0.7472190834902699 0.5009541745134966 0.2682485875706214 0.06498430634023862
55 0.5258505963590709 0.6366729441305713 0.22774639045825498 0.08811048336472063
23 0.3367859384808537 0.6448901443816698 0.1513370998116761 0.06833647206528567
55 0.7516258631512869 0.93368487131199 0.20268675455116117 0.13263025737602005
55 0.5523226616446955 0.948254865034526 0.2177652228499687 0.10349026993094798
