56 0.43344155844155846 0.09974747474747475 0.10630110630110637 0.16005291005291003
58 0.5993566618566618 0.14036195286195285 0.18211880711880718 0.10900673400673401
38 0.41378066378066375 0.16224747474747475 0.117965367965368 0.0815897065897066
13 0.872955747955748 0.3634559884559885 0.14345839345839356 0.11423761423761425
28 0.48944805194805197 0.4032587782587782 0.17706830206830215 0.10377585377585387
55 0.6892436267436267 0.39171476671476674 0.1928210678210679 0.09199134199134193
23 0.4826539201539201 0.5494528619528619 0.15842953342953345 0.08134920634920631
42 0.8359487734487735 0.528980278980279 0.1868085618085619 0.10449735449735442
62 0.6607443482443482 0.8089225589225589 0.15578403078403075 0.1410533910533911
29 0.48133116883116883 0.8433742183742183 0.17989417989417983 0.13636363636363635
