86 0.4707663638481248 0.3545073375262054 0.08618681574656412 0.04025157232704406
23 0.3229385045422782 0.34544025157232705 0.12847950151409265 0.0916928721174005
28 0.4449394362916375 0.39219077568134175 0.1136443046820406 0.05110062893081761
25 0.5689785697647333 0.405188679245283 0.1055351735383183 0.054481132075471665
86 0.701840204984859 0.49916142557652 0.10608839972047511 0.06941823899371083
26 0.5429478220358723 0.4909329140461216 0.1706993943629163 0.056472746331237014
86 0.6925518285581178 0.5797169811320755 0.11176624737945481 0.07450209643605869
50 0.43696133240158397 0.565041928721174 0.07174470067551836 0.042033542976939224
82 0.6036862334032146 0.5958595387840672 0.06723153971581641 0.04722222222222217
44 0.5027952480782669 0.5962264150943396 0.12165152573957598 0.055555555555555615
50 0.2604530631260191 0.585587002096436 0.07413230840903798 0.05356394129979026
56 0.5378814348940135 0.6915618448637317 0.08406126252038215 0.09931865828092255
56 0.8020614954577219 0.9604690775681342 0.08708944793850458 0.0790618448637316
