29 0.4004012345679013 0.15188271604938272 0.18574074074074076 0.10685185185185185
13 0.8312407407407407 0.13675925925925925 0.11075308641975312 0.10574074074074076
13 0.7538395061728396 0.15296296296296294 0.11219753086419758 0.07580246913580245
60 0.6572037037037036 0.16070987654320987 0.16223456790123464 0.08265432098765435
56 0.3628024691358025 0.365 0.10466666666666669 0.18382716049382716
38 0.5690493827160494 0.4132098765432099 0.11224691358024699 0.0824691358024692
27 0.7532716049382716 0.4138888888888889 0.2038518518518519 0.07753086419753089
84 0.4085246913580247 0.5733641975308641 0.1389012345679012 0.08179012345679022
55 0.7393641975308641 0.5619444444444444 0.2972469135802468 0.08932098765432102
56 0.6001172839506173 0.7813271604938272 0.09956790123456793 0.1703086419753087
55 0.4439444444444445 0.8537962962962964 0.17924691358024689 0.1299382716049384
55 0.7649074074074075 0.8594135802469136 0.18095061728395043 0.135
