0 0.7303354053354053 0.21874514374514373 0.12084952084952083 0.3663461538461538
0 0.8334175084175083 0.2806988150738151 0.09184472934472925 0.5613976301476302
0 0.9409803159803161 0.36033411033411034 0.11803936803936796 0.6347319347319347
0 0.9884226884226883 0.38537296037296037 0.023154623154623296 0.5344599844599844
10 0.34542217042217044 0.5211926961926961 0.1408702408702409 0.1581585081585082
10 0.43521756021756025 0.5977272727272727 0.0935638435638435 0.15256410256410255
10 0.6918868168868169 0.6344599844599844 0.10801605801605792 0.22784576534576537
10 0.6099520849520849 0.6459790209790209 0.11228956228956241 0.25422494172494164
0 0.4214711214711215 0.7541375291375292 0.47855477855477857 0.47696192696192713
0 0.25706423206423207 0.7885780885780885 0.4784900284900286 0.41585081585081585
10 0.8543253043253043 0.8880730380730381 0.10235690235690233 0.1547008547008546
6 0.9454351204351205 0.8886169386169386 0.10912975912975913 0.14584304584304583
10 0.9368427868427869 0.031721056721056726 0.08697228697228702 0.06344211344211345
6 0.5844470344470345 0.06616161616161616 0.20036260036260042 0.13232323232323231
6 0.4078995078995079 0.0706876456876457 0.17593887593887594 0.1413752913752914
