38 0.8532881065884367 0.337037037037037 0.030476103165872147 0.04846901356802344
82 0.6286700892311454 0.3353502016868354 0.045480381371470514 0.06528236156949031
38 0.8804180418041804 0.3392922625595893 0.028459234812370216 0.04224422442244228
38 0.8247463635252414 0.34466446644664467 0.02768610194352777 0.050055005500550115
38 0.8000427820559834 0.34328932893289327 0.024019068573524188 0.043793546021268795
38 0.779220144236646 0.34613127979464614 0.025623395672900708 0.05000916758342499
38 0.7533981175895367 0.3496883021635497 0.030476103165872147 0.048469013568023536
44 0.581725950372815 0.36074440777411076 0.0816312186774233 0.04960579391272464
82 0.6617589536731451 0.3625229189585625 0.04386994254981055 0.04505867253392004
56 0.13620584280650289 0.6292629262926294 0.06725644786700893 0.1407499083241658
56 0.0721244346656888 0.665016501650165 0.08789573401784623 0.22484415108177488
85 0.5680845862364013 0.9255408874220755 0.0500397261948418 0.058791712504583725
85 0.6635435765798803 0.9458379171250458 0.042400073340667234 0.0689218921892189
13 0.3429715193741596 0.9461496149614962 0.05120706515095953 0.06458562522918963
85 0.6035447989243369 0.9648560689402274 0.057740496271849254 0.07028786211954527
13 0.38916391639163916 0.9700403373670701 0.05196186285295195 0.059919325265859955
69 0.6441571934971275 0.9860652731939861 0.05369759198142032 0.02786945361202791
13 0.3360591614717027 0.9884121745507883 0.05466324410218797 0.023175650898423234
