68 0.72787095271372 0.1869496855345912 0.1850454227812718 0.0950267877940834
38 0.382954810156068 0.20425110645236433 0.12922198928488243 0.06666666666666662
28 0.6083100395993477 0.4273351968320522 0.13893547635685993 0.07638015373864432
55 0.8122059166084323 0.4307360819939436 0.20941066853016543 0.06904262753319346
60 0.39207430701141394 0.4589215001164687 0.10988819007686937 0.050384346610761764
62 0.5964302352667132 0.5575180526438387 0.13714185883997196 0.12188446307943157
53 0.7685825762869788 0.5783834148614023 0.1615071045888656 0.0959003028185418
55 0.4466049382716049 0.5997262986256697 0.17995574190542746 0.08230840903796886
76 0.6795015140927091 0.838324015839739 0.1341952014907989 0.18149312834847445
42 0.5022303750291172 0.8837060330771022 0.19055439086885634 0.12189610994642454
