29 0.4556324490580546 0.1471357170319108 0.19810329360502363 0.11910803537101113
13 0.9174932718185314 0.1540945790080738 0.10096116878123808 0.08378828655645265
13 0.8093105215942586 0.16181596821735228 0.1060489555299244 0.0699859028578752
56 0.45148660771498145 0.3564975009611688 0.13111623734461095 0.18435217224144557
38 0.6118223760092272 0.4314302191464821 0.1060745866974241 0.07344611047033195
27 0.853043701140587 0.44694348327566324 0.28770985518390363 0.07133153915160848
55 0.6651800589516853 0.5850057670126874 0.24275278738946562 0.07445854158656932
84 0.4541009867999487 0.5874343201332821 0.18053312828399323 0.08264769960271678
55 0.5166666666666666 0.8992374727668845 0.24473920287069081 0.10907343329488664
55 0.8021081635268487 0.9005831090606176 0.251685249263104 0.1125849032423424
