4 0.3822033898305085 0.40676082862523544 0.13728813559322034 0.08271186440677968
4 0.5067796610169492 0.4429755178907721 0.13474576271186442 0.07672316384180788
4 0.4025423728813559 0.4969868173258004 0.13898305084745763 0.07173258003766474
4 0.514406779661017 0.5233145009416196 0.10423728813559321 0.08960451977401131
4 0.4067796610169492 0.5621468926553672 0.10423728813559321 0.08112994350282487
4 0.4966101694915254 0.5991337099811677 0.12542372881355932 0.08160075329566846
4 0.4228813559322034 0.6541619585687382 0.13305084745762713 0.09532956685499072
4 0.47627118644067795 0.7072128060263654 0.13135593220338984 0.08003766478342741
4 0.6237288135593221 0.7412241054613935 0.12542372881355932 0.09007532956685489
4 0.6983050847457627 0.7904143126177025 0.15084745762711865 0.09996233521657248
