28 0.596875 0.5421875 0.10078125 0.093359375
28 0.54921875 0.6609375 0.203125 0.069140625
13 0.28828125 0.76484375 0.125 0.064453125
13 0.38671875 0.78828125 0.121875 0.0625
50 0.18828125 0.840625 0.132421875 0.049609375
38 0.5484375 0.14921875 0.17734375 0.058203125
38 0.7265625 0.19140625 0.17890625 0.01875
38 0.5390625 0.21484375 0.174609375 0.073046875
86 0.665625 0.31875 0.137890625 0.071875
86 0.796875 0.3203125 0.12421875 0.071875
86 0.56875 0.3375 0.124609375 0.037890625
28 0.1109375 0.41796875 0.196484375 0.123046875
47 0.6390625 0.434375 0.337890625 0.08125
