23 0.2500293014533521 0.4510958743553681 0.23323956868260662 0.14725738396624463
86 0.5199542897327707 0.457049929676512 0.1512101500234411 0.0786304500703235
28 0.4450011720581341 0.568805672761369 0.21349038912330043 0.12654711673699012
25 0.7007735583684951 0.5770276605719643 0.1925251992498827 0.126391819034224
50 0.45493436474449134 0.7729371776840132 0.13131446319737464 0.07531938584153773
86 0.8583274730426631 0.8162623066104078 0.09435067979371767 0.15571964369432703
44 0.5762716830754805 0.8671647913736521 0.22462494139709324 0.08550164088138758
82 0.7528422409751524 0.8724273323956868 0.12155707923112996 0.08948370839193644
50 0.17800632911392406 0.8768694327238632 0.050618260665729053 0.07472163619315506
56 0.6445733708391935 0.9577473042662916 0.11404125644631984 0.08450539146741676
