79 0.7877055969707727 0.22790202342917995 0.1481481481481482 0.08422671873151108
84 0.6094012542894331 0.2354040941900367 0.14984025559105424 0.09066382676606315
68 0.4328245178085434 0.23416755413560528 0.16433558158797779 0.0990770323038694
56 0.7512957046503372 0.42019879304224356 0.12372500295822983 0.16014672819784637
55 0.6050289906519939 0.4765944858596616 0.20250857886640622 0.08903088391906286
38 0.40899893503727364 0.4939592947580168 0.11777304461010533 0.08172997278428591
29 0.5583007928055851 0.6102532244704768 0.24411312270737184 0.0950538397822742
55 0.7991716956573186 0.6405632469530232 0.21543012661223523 0.09899420186960119
42 0.7424624304815998 0.854632587859425 0.2238433321500414 0.12798485386344827
62 0.5989113714353331 0.8895337829842621 0.14568690095846654 0.13365282215122445
58 0.39936693882380786 0.9283694237368358 0.1502899065199384 0.12101526446574357
