12 0.9041264737406217 0.2763189234250328 0.11587173990710982 0.1613820412051923
12 0.7737168036203406 0.287513397642015 0.0913302369894011 0.1587620578778135
12 0.3864177682505657 0.3454507562224604 0.11427890913421453 0.1753007026318924
12 0.5954269381922115 0.3882041205192331 0.09133023698940092 0.1587620578778135
12 0.8735619864237226 0.40880671668453017 0.10203644158628086 0.1952483029653448
12 0.22508634035965225 0.3687924258663809 0.08798380373943077 0.15410265571037274
12 0.3982612837918304 0.4473919256877456 0.13465523401214724 0.21330534714779095
12 0.14559961891151602 0.4743956174824342 0.08417589615338812 0.14740383470287013
12 0.7191556508276765 0.530516851256401 0.1057907586042633 0.17306776229605814
12 0.9698106466595212 0.6002739073478623 0.06037870668095765 0.1469572466357032
12 0.5290877694414672 0.6126890556151007 0.10025902107895673 0.17586638085030373
12 0.3216267714659997 0.6221864951768489 0.10818744789805874 0.15920864594498044
12 0.21774443253542933 0.6353459568893653 0.10067881386209358 0.14942836727402628
12 0.11707157318089793 0.7297546742884363 0.12137668214838633 0.1982851018220792
12 0.3013040371561272 0.7754852923663212 0.12253483386923907 0.19676670239371208
