25 0.8515625 0.178125 0.296484375 0.099609375
25 0.578125 0.29375 0.16328125 0.024609375
38 0.17578125 0.3203125 0.132421875 0.058984375
50 0.7046875 0.3453125 0.090234375 0.084375
86 0.1984375 0.39453125 0.093359375 0.01875
86 0.1875 0.4125 0.13828125 0.019140625
86 0.37890625 0.4125 0.0578125 0.027734375
28 0.36484375 0.50625 0.065625 0.046484375
55 0.26796875 0.5546875 0.173828125 0.019140625
56 0.57109375 0.575 0.0796875 0.140625
55 0.29375 0.5859375 0.221875 0.01875
56 0.66953125 0.59375 0.0796875 0.15
56 0.63359375 0.59609375 0.073046875 0.175
56 0.7015625 0.634375 0.08515625 0.118359375
