8 0.70390625 0.6359375 0.1296875 0.1109375
12 0.3953125 0.66171875 0.1234375 0.13984375
8 0.59453125 0.71953125 0.12734375 0.09140625
8 0.27890625 0.8015625 0.11875 0.09140625
8 0.346875 0.1875 0.1375 0.08828125
12 0.49140625 0.246875 0.13671875 0.09296875
12 0.2828125 0.26875 0.1234375 0.103125
8 0.69375 0.28125 0.128125 0.084375
12 0.21328125 0.3609375 0.146875 0.10859375
12 0.65859375 0.3828125 0.1625 0.11328125
8 0.4421875 0.42109375 0.13125 0.06953125
12 0.56640625 0.46328125 0.16484375 0.0765625
8 0.78125 0.5125 0.11171875 0.1140625
12 0.790625 0.58515625 0.171875 0.10234375
