13 0.7838715878508267 0.1530244777649622 0.08310906061771119 0.06537229270793285
55 0.4420991926182238 0.17586825579905166 0.20620274253492243 0.08130206330898371
60 0.6263552479815455 0.16494937844418817 0.1416762783544791 0.060207612456747425
13 0.8763039856465461 0.15186466743560167 0.10585672177367685 0.07535563244905803
56 0.8520120466487248 0.3596885813148789 0.10369088811995397 0.17712418300653598
56 0.40124311162373444 0.38899141355888756 0.1091375112136359 0.18608227604767394
38 0.8832948865820839 0.4113738305779828 0.1708445469691145 0.11202101755734978
84 0.4259771882609253 0.6034089452774574 0.14737921312315783 0.07781622452902727
28 0.6344290657439448 0.591919774445726 0.15313341022683594 0.09715494040753558
38 0.8494681532743816 0.5912661796744842 0.1240292195309496 0.10579264385492759
53 0.6493079584775087 0.8475073689606561 0.09446366782006925 0.09885941304626425
29 0.4886325772138921 0.8786171985133923 0.26723055235165966 0.15918236575676023
55 0.8078303216711522 0.8890618992695116 0.22834807125464562 0.1292451621171344
53 0.6335127515058311 0.9434320133282069 0.10483147507368963 0.04075355632449076
