13 0.7717592592592593 0.2576453189300411 0.10833333333333349 0.09157664609053502
13 0.8788773148148148 0.2660172325102881 0.11678240740740738 0.08836162551440335
60 0.6392361111111111 0.271045524691358 0.14166666666666672 0.07177211934156386
56 0.8621527777777778 0.4699781378600823 0.1097222222222223 0.1643904320987654
56 0.4192129629629629 0.46638374485596706 0.11365740740740746 0.19742798353909466
38 0.8285879629629629 0.5382908950617283 0.11018518518518523 0.06737397119341576
27 0.6181134259259259 0.5389853395061728 0.2024305555555554 0.07357253086419746
84 0.46660879629629626 0.6575167181069959 0.15914351851851866 0.10001286008230457
62 0.8462962962962962 0.6739647633744856 0.15601851851851853 0.13110853909465014
55 0.6525462962962963 0.6916152263374485 0.2217592592592593 0.10360082304526744
29 0.544849537037037 0.951170267489712 0.29710648148148144 0.09765946502057608
55 0.8663194444444444 0.9609117798353909 0.20972222222222214 0.07817644032921815
