27 0.5919733044733045 0.2738215488215488 0.09068061568061568 0.21269540644540644
84 0.641552429052429 0.3575396825396826 0.0462241462241461 0.08141233766233763
84 0.6097823472823473 0.38155964405964404 0.0424693362193361 0.0505260942760943
27 0.14774531024531026 0.40951779701779706 0.07233345358345361 0.3191137566137566
27 0.11242183742183742 0.4506433381433382 0.050679413179413185 0.25916005291005284
27 0.0827020202020202 0.4616402116402117 0.05114237614237615 0.24740259740259737
84 0.6583573833573834 0.45879629629629626 0.06069324194324203 0.09055134680134684
84 0.7209776334776334 0.4619288119288119 0.06447811447811448 0.09506974506974505
84 0.699963924963925 0.54750481000481 0.06443001443001439 0.09344636844636843
84 0.6402657527657528 0.5881794131794132 0.06950757575757566 0.1142105579605581
27 0.6147126022126023 0.8768338143338144 0.1616762866762867 0.19914321789321787
