86 0.10082728776886853 0.4220758559246532 0.11607483772432224 0.07040218913071153
86 0.21598574519536717 0.41868397607229224 0.11093292605320096 0.07099401807305582
38 0.5605511009291079 0.5211849306351024 0.06144202621865868 0.0332315133002419
38 0.6352933689703449 0.5173094056255568 0.06490390734376987 0.035127911416571234
56 0.2419307623774978 0.6030482372406771 0.0919880361461118 0.12495227185948826
56 0.08618429425989563 0.6523927707776506 0.15684103347333586 0.27253404607356485
13 0.7383543337151585 0.7999872724958635 0.10038182512409316 0.05413643884434263
43 0.9475372279495992 0.7999745449917272 0.10492554410080172 0.0954053710067457
22 0.1522591319842179 0.8759450171821305 0.10884561537482498 0.04599083619702174
15 0.6180730558737432 0.8638284332442409 0.3531882397861779 0.08269695812651127
