38 0.8762458471760798 0.3763688938107543 0.02782392026578073 0.050233788605881666
82 0.6503322259136213 0.36295681063122925 0.04194352159468438 0.06789098068167837
38 0.9036544850498339 0.3800602928509905 0.02616279069767442 0.043881506090808355
38 0.8480066445182725 0.38258274886181864 0.024916943521594685 0.05167958656330745
38 0.8230897009966778 0.37990648455764736 0.02159468438538206 0.04520425741355969
38 0.8023255813953488 0.3816906607604282 0.022840531561461794 0.05152577826996425
38 0.776578073089701 0.3839362618432386 0.02782392026578073 0.050233788605881666
44 0.6046511627906976 0.3861511012673804 0.07931893687707642 0.054048234280792466
82 0.6852159468438538 0.3921188630490956 0.04152823920265781 0.04751138181370739
56 0.17275747508305647 0.6340593084779131 0.059385382059800665 0.14476436569459825
56 0.11046511627906977 0.6668204749600098 0.07516611295681064 0.23023563430540175
85 0.6245847176079734 0.9557339731758336 0.046926910299003324 0.06161560231327676
85 0.7217607973421927 0.9727567060415898 0.038621262458471764 0.05448658791682038
13 0.3995016611295681 0.9648086624830811 0.04775747508305648 0.06749107911898598
85 0.6627906976744186 0.9802625507567367 0.05357142857142857 0.03947489848652644
13 0.4476744186046512 0.9799741602067183 0.04817275747508306 0.04005167958656326
13 0.3953488372093023 0.9970468807678109 0.053156146179401995 0.005906238464378167
