56 0.7300364298724954 0.8081663630843959 0.11782027929568924 0.16020036429872486
50 0.5738737097753491 0.21527018822100794 0.1048512446873103 0.05853066180935032
86 0.2682938676381299 0.31381299332119006 0.16114146933819065 0.04468731026108072
86 0.16683667273831207 0.31857923497267754 0.10716454159077111 0.04887674559805702
25 0.43030358227079535 0.36183970856102005 0.14550698239222826 0.03943533697632056
28 0.2943108682452945 0.3566788099574985 0.1210018214936248 0.043351548269581076
28 0.17806314511232546 0.35789313904068004 0.14085610200364299 0.05710382513661209
13 0.3957619914996964 0.517304189435337 0.06931390406800242 0.03624772313296899
13 0.42732240437158464 0.5474802671523983 0.08502125075895559 0.04641772920461439
27 0.17286581663630843 0.5597449908925319 0.17162112932604737 0.08885853066180933
