25 0.626962962962963 0.5183888888888889 0.18535493827160507 0.09402469135802467
80 0.799604938271605 0.519783950617284 0.1364876543209876 0.15922222222222218
18 0.4269074074074074 0.5451913580246914 0.2157932098765432 0.0891851851851853
59 0.6715123456790123 0.5373395061728395 0.19999074074074089 0.10278086419753095
22 0.5137037037037037 0.5799074074074074 0.12941049382716055 0.060814814814814704
56 0.7498395061728395 0.7710246913580246 0.11647222222222221 0.1787962962962962
56 0.6556728395061729 0.7766049382716049 0.11007407407407413 0.1759259259259261
45 0.3693765432098765 0.8433950617283951 0.22537345679012352 0.13874691358024696
75 0.5371666666666667 0.8425864197530863 0.118212962962963 0.06804012345679003
67 0.7818950617283952 0.8887037037037037 0.21250308641975305 0.13175617283950639
47 0.5341913580246914 0.920820987654321 0.2135679012345679 0.10067901234567898
62 0.8216481481481482 0.10576543209876542 0.14031172839506173 0.10464197530864197
76 0.3807654320987654 0.13272222222222224 0.28221913580246916 0.10308641975308641
26 0.47967901234567906 0.14512962962962964 0.2338518518518519 0.07862962962962963
82 0.672179012345679 0.13372222222222221 0.17277469135802467 0.07791666666666666
78 0.36114197530864195 0.39380246913580247 0.15070061728395065 0.09778395061728398
28 0.7328024691358024 0.38589506172839505 0.15995061728395057 0.06470061728395061
41 0.6007407407407408 0.4003641975308642 0.11034567901234557 0.06840432098765424
