23 0.4397106109324759 0.18879957127545552 0.138204120519233 0.07320471596998923
38 0.8272299630820532 0.1637727759914255 0.18238656663093947 0.064951768488746
28 0.677384780278671 0.39833869239013936 0.16231987614624285 0.11800643086816726
18 0.8559604620697868 0.3880493033226152 0.20662141240919368 0.11136120042872452
55 0.48529236632130524 0.42245444801714893 0.19530784804096707 0.0882100750267953
58 0.7970406097415743 0.5196141479099678 0.15880671668453028 0.09217577706323693
56 0.6431761343336906 0.7762593783494105 0.11367154936286768 0.17395498392282946
56 0.7471120638323211 0.7725616291532691 0.11277837322853401 0.18349410503751337
42 0.4880314397999285 0.8520364415862809 0.20233416696439205 0.13987138263665594
62 0.8797189472430631 0.8396570203644158 0.19304513516732139 0.14405144694533747
