13 0.7302490203514094 0.18467956010618128 0.08241688787763875 0.06269750979648595
55 0.39331310833017313 0.1747566679307294 0.20389331310833025 0.07571735558083682
60 0.5750537226646442 0.181487801794969 0.1401213500189609 0.05631399317406143
13 0.8217039565162432 0.1923271394261155 0.10491720389331317 0.07205157375805842
56 0.8113386423966629 0.3955884211856909 0.10352673492605247 0.17254455821008718
56 0.36689419795221845 0.38168373151308305 0.10896220452534446 0.18126659082290483
38 0.8457211477689294 0.44969030463911014 0.16925799519656182 0.10681329793957783
84 0.4055113133611427 0.5961319681456201 0.1458728352926306 0.07356844899507012
28 0.6111743142459866 0.6046011882189357 0.1516875237011756 0.09252938945771702
38 0.8240740740740741 0.6244153710024017 0.12305650360257865 0.10169384401466315
53 0.6427442801162938 0.8588357982555934 0.09385665529010238 0.09549993679686507
29 0.4856844899507015 0.8743205663000885 0.264631525723676 0.15124510175704703
55 0.8024586019466566 0.9150233851599039 0.22607761344962718 0.12255087852357471
53 0.633674630261661 0.9590443686006825 0.1041587662748071 0.05157375805839961
