86 0.507509227440499 0.3047473590428917 0.09334351533664254 0.043298969072164926
23 0.3460099274532264 0.2960353824614993 0.13837660684739722 0.09918543973526793
28 0.4815133002418226 0.3461244749904544 0.12312905689194337 0.054935089728904075
25 0.6173284968817615 0.35932289677994145 0.11417207585592458 0.05869606720122191
86 0.7673284968817615 0.46091383479699627 0.11441389843451712 0.07501909125620454
26 0.5938271604938272 0.4532073310423826 0.18543973526791385 0.060344278986890786
86 0.7617665775741377 0.5489945271732214 0.12050400916380297 0.08053010054728264
50 0.4825951380934199 0.5350260913834797 0.077494590810742 0.04536400661830226
82 0.6659030164184803 0.5673475881379662 0.07242904416443942 0.05107229222349484
44 0.5560519282168768 0.5685630647829961 0.13178375970472203 0.059739722540409754
50 0.2915362097492682 0.5588965253913707 0.07982690594374448 0.057948326333206075
56 0.5996499936362479 0.6724322260404735 0.08957935598829064 0.1078815069364898
56 0.9030355097365408 0.9605638284332442 0.09297441771668571 0.07887234313351159
