21 0.784375 0.46796875 0.19296875 0.05
62 0.36796875 0.58359375 0.151171875 0.107421875
76 0.52734375 0.59765625 0.270703125 0.0875
45 0.77265625 0.6 0.2328125 0.10078125
59 0.56953125 0.85234375 0.171875 0.091796875
13 0.7375 0.865625 0.165234375 0.09453125
67 0.4046875 0.88671875 0.15625 0.116796875
81 0.62578125 0.91953125 0.113671875 0.089453125
81 0.80234375 0.91953125 0.121875 0.086328125
53 0.38046875 0.22109375 0.134375 0.0375
22 0.578125 0.22265625 0.140625 0.0390625
78 0.3625 0.45390625 0.137890625 0.078125
26 0.5640625 0.459375 0.2625 0.05625
