86 0.11046751669702491 0.2387978142076503 0.16855494839101395 0.07911353976927744
86 0.24434122647237402 0.24286581663630843 0.1502884031572556 0.05673952641165752
86 0.3797085610200364 0.24195506982392231 0.1678384942319369 0.05493321190042498
86 0.24813600485731635 0.2878567091681846 0.12686703096539156 0.05382513661202192
86 0.37605343047966006 0.2847601700060716 0.11876442015786276 0.04288099574984818
28 0.3873466909532483 0.3335761991499696 0.21430479659987858 0.048057073466909475
86 0.5038008500303582 0.38670309653916213 0.2175166970248938 0.07355798421372194
28 0.2652762598664238 0.39553734061930784 0.23655130540376443 0.08040376442015788
25 0.9504493017607771 0.38712811171827566 0.0991013964784457 0.12374013357619922
17 0.5056769884638737 0.4777170613236187 0.22017000607164544 0.08020643594414077
84 0.5387735276259866 0.5700364298724955 0.199207650273224 0.07738312082574376
38 0.11298724954462659 0.6284760170006072 0.16748026715239833 0.07047662416514879
86 0.871845780206436 0.7612021857923498 0.16634790528233143 0.12897692774741945
