56 0.7164740243599305 0.8840604026845638 0.10421327367636088 0.1475391498881433
50 0.6429903057419836 0.17158836689038032 0.08484029331344763 0.03118008948545863
86 0.3941399453144419 0.3101230425055928 0.16079418344519023 0.03708053691275172
86 0.26295674869500374 0.333165548098434 0.08567921948794427 0.05383109619686807
86 0.2776224210787969 0.34312080536912754 0.09009134973900076 0.0486856823266219
28 0.09187795177728064 0.3689597315436241 0.11844394730300771 0.09116331096196874
28 0.23079791200596572 0.37315436241610733 0.15667723092219735 0.06149328859060399
28 0.3852846134725329 0.3662192393736018 0.13126087496892874 0.04180648769574938
25 0.5455505841411882 0.35637583892617447 0.13878013919960225 0.04147091722595083
13 0.5066181953765847 0.5313758389261746 0.09691150882426047 0.04077181208053684
13 0.5185806611981109 0.55917225950783 0.10309470544369875 0.06085011185682324
27 0.21917723092219735 0.6043624161073825 0.21347564006959988 0.0811800894854586
