80 0.7920180906979586 0.560353257547977 0.11533736707004025 0.14525730350812854
39 0.352395795135069 0.573640141791957 0.14896711893411563 0.11894328321721058
18 0.5430754186529764 0.5880149126023714 0.1866672778388951 0.08526463757486863
41 0.7281078107810781 0.6196308519740863 0.12097543087642101 0.07109155359980435
56 0.6784928492849285 0.8267937904901602 0.10190380149126015 0.16939555066617779
33 0.3562706270627063 0.8739946216843907 0.07643625473658477 0.07249419386383098
48 0.37707492971519374 0.8982276005378316 0.06230595281750398 0.11394695025058049
28 0.6313714704803813 0.9250947316953918 0.1425987043148761 0.09451167338956135
82 0.7777349957217944 0.19137024813592468 0.2104785478547856 0.0699425498105366
22 0.5253208654198753 0.1958806991810292 0.14427026035936932 0.04173695147292508
59 0.571623273438455 0.4325143625473659 0.16378804547121364 0.11503789267815666
78 0.3835227967241168 0.4322026647109155 0.15243552132991076 0.08599498838772776
81 0.8134152304119301 0.4418714093631585 0.1288503850385037 0.07615817137269293
81 0.6987532086541988 0.4434726806013935 0.08749541620828752 0.061933137758220264
