21 0.8645833333333334 0.3964699074074074 0.2144097222222222 0.06508487654320996
62 0.4019097222222222 0.5455054012345679 0.16796875 0.1268229166666666
76 0.5789930555555556 0.5532600308641976 0.30078125 0.11059027777777786
45 0.8515625 0.5437500000000001 0.2586805555555556 0.12347608024691364
59 0.6258680555555556 0.8341628086419752 0.1909722222222222 0.11048418209876548
13 0.8125 0.840625 0.18359375 0.11319444444444432
67 0.4427083333333333 0.8804976851851852 0.1736111111111111 0.13749035493827164
81 0.6883680555555556 0.9060378086419753 0.12630208333333334 0.10500578703703706
81 0.8845486111111112 0.8973186728395061 0.13541666666666666 0.10193865740740746
53 0.4157986111111111 0.14211033950617283 0.14930555555555555 0.04830246913580247
22 0.6354166666666666 0.13408564814814816 0.15625 0.050347222222222224
78 0.3958333333333333 0.40167824074074077 0.15321180555555555 0.09361496913580246
26 0.6197916666666666 0.3978009259259259 0.2916666666666667 0.07546296296296301
