80 0.8334415584415584 0.6172979797979798 0.12183441558441552 0.14623015873015874
39 0.4021103896103896 0.6175505050505051 0.1533549783549784 0.12132936507936497
18 0.5903679653679653 0.6372474747474748 0.18844696969696959 0.08930375180375191
41 0.7740800865800866 0.6737373737373737 0.12305194805194798 0.07344877344877358
56 0.7373917748917749 0.876046176046176 0.11003787878787874 0.169579725829726
33 0.4234307359307359 0.9130772005772005 0.0793560606060606 0.07352994227994233
48 0.44529220779220774 0.9375180375180374 0.06788419913419903 0.1138888888888889
28 0.6968073593073594 0.9613997113997114 0.1456709956709957 0.07720057720057737
82 0.7978896103896104 0.253968253968254 0.2109577922077923 0.07492784992784994
22 0.5500541125541126 0.2510461760461761 0.14423701298701283 0.045256132756132786
59 0.6093614718614718 0.48513708513708514 0.16769480519480512 0.11792027417027422
78 0.4244588744588744 0.47934704184704185 0.1548430735930736 0.0890241702741702
81 0.8475649350649351 0.5013888888888889 0.13108766233766234 0.0786616161616161
81 0.73495670995671 0.4996212121212121 0.08961038961038968 0.0634650072150072
