56 0.39428240740740744 0.2833159722222222 0.061979166666666696 0.14305555555555555
73 0.8647569444444445 0.30734374999999997 0.06719039351851848 0.13081597222222213
73 0.7889236111111111 0.31800347222222225 0.07367187499999997 0.0979774305555555
56 0.5922106481481482 0.3123784722222222 0.06891782407407412 0.10400173611111115
64 0.4892592592592592 0.40133680555555556 0.17316840277777779 0.06264756944444443
82 0.6545775462962963 0.5380729166666667 0.019890046296296225 0.0153038194444445
22 0.23981481481481484 0.5211979166666667 0.06708333333333334 0.03104166666666668
82 0.6812210648148148 0.5408159722222223 0.023243634259259238 0.012335069444444357
82 0.6199479166666666 0.5466666666666666 0.02112268518518512 0.016527777777777787
82 0.5981539351851852 0.5472569444444444 0.022563657407407334 0.014253472222222285
82 0.6826099537037037 0.5525694444444444 0.018104745370370344 0.0109375
82 0.6638599537037037 0.5517361111111111 0.020758101851851764 0.009496527777777786
23 0.7723611111111112 0.5698090277777779 0.108732638888889 0.09018229166666672
