11 0.8901579901579902 0.05421522921522921 0.03266640766640772 0.03632478632478633
11 0.9474423724423725 0.0695464257964258 0.06783864283864266 0.1390928515928516
11 0.8470732970732971 0.06664724164724165 0.09003496503496504 0.1216977466977467
3 0.42055167055167053 0.08648018648018647 0.10876068376068376 0.14345376845376845
11 0.8767482517482518 0.09601787101787101 0.2465034965034965 0.19203574203574203
2 0.5036454286454287 0.08366355866355867 0.10447422947422944 0.10054390054390056
3 0.38872701372701374 0.1076923076923077 0.24248899248899247 0.2153846153846154
3 0.3145363895363895 0.1166083916083916 0.0964581714581714 0.1123931623931624
11 0.8909673659673659 0.14182206682206683 0.024074074074073953 0.023737373737373745
11 0.9814167314167316 0.15149572649572648 0.03716653716653693 0.11216006216006218
11 0.8694379694379695 0.17783605283605286 0.03600751100751094 0.03385780885780887
11 0.9326405076405077 0.19430846930846932 0.07816627816627836 0.1420940170940171
11 0.9425796425796426 0.22892385392385395 0.0475912975912975 0.06750194250194246
3 0.5037684537684538 0.24842657342657343 0.13597513597513586 0.17604895104895102
11 0.9733682983682983 0.3058469308469309 0.053263403263403314 0.1970862470862471
2 0.7287619787619788 0.3181818181818182 0.13423335923335922 0.19079254079254077
2 0.7291245791245791 0.3243006993006993 0.12970085470085466 0.17315462315462313
3 0.5936285936285937 0.43374125874125874 0.10152162652162652 0.16841491841491837
2 0.7984136234136234 0.5026418026418027 0.08864931364931354 0.12773892773892764
2 0.9103859103859104 0.5730380730380731 0.11273633773633772 0.18111888111888116
2 0.9821500259000259 0.6828671328671329 0.03569994819994824 0.10716783216783209
3 0.8105413105413106 0.722086247086247 0.28734136234136237 0.3911421911421912
2 0.9196581196581197 0.7295066045066045 0.11818829318829294 0.18484848484848487
11 0.9096736596736598 0.019512432012432013 0.07448847448847454 0.03902486402486403
2 0.5773051023051023 0.03857808857808858 0.06370111370111371 0.07715617715617716
11 0.7850880600880601 0.02206196581196581 0.03350168350168353 0.04412393162393162
3 0.3255568505568506 0.044716394716394714 0.11265216265216266 0.08943278943278943
