0 0.7430635102456408 0.26390479826905944 0.11351024564082982 0.3592497136311569
0 0.8418925798650885 0.3234376988672521 0.08186012472954049 0.5701603665521191
0 0.9444698994527174 0.420071274023164 0.10882016036655238 0.6222476772304951
10 0.3523164057528319 0.5296550846379025 0.1362352042764414 0.15444826269568543
10 0.4370561282932417 0.6118747613592974 0.08979254168257601 0.1492936235204277
10 0.6872152220949472 0.6684166984854271 0.10290823469517622 0.22319269441262568
10 0.6063446608120148 0.6731576937762506 0.1067264859361078 0.24909316533027864
0 0.4165457553773705 0.7657184676085019 0.46409571083110596 0.46856306478299603
0 0.25398370879470533 0.7847460862924781 0.46752259131984214 0.4054187348860888
10 0.8354715540282551 0.9271986763395696 0.09843451699121802 0.14560264732086062
6 0.9297059946544481 0.9339442535318824 0.11584574264986636 0.13211149293623525
10 0.9546519027618684 0.08091510754740995 0.08382334224258613 0.09411989308896525
6 0.6072037673412244 0.09297441771668577 0.1945271732213314 0.14802087310678377
6 0.4336515209367443 0.08740613465699378 0.1704976454117348 0.14884816087565228
