34 0.52252886002886 0.33083213083213087 0.1112012987012987 0.05801166426166424
44 0.37756132756132754 0.3557960557960558 0.09561688311688309 0.03566317941317942
44 0.3018217893217893 0.35924122174122175 0.03701298701298703 0.03027898027898029
40 0.027435064935064934 0.35249518999519 0.05487012987012987 0.0329124579124579
40 0.08418109668109668 0.35523088023088023 0.06775793650793649 0.03808020683020682
86 0.936670274170274 0.4853354978354978 0.08899711399711377 0.0691077441077441
65 0.7853354978354978 0.48897907647907646 0.09994588744588735 0.06011002886002894
86 0.57492784992785 0.5233826358826359 0.18345057720057725 0.10595238095238092
65 0.8580627705627707 0.5350228475228476 0.06111111111111102 0.061796536796536884
65 0.7207431457431457 0.5342051467051467 0.06354617604617596 0.06186868686868683
86 0.9322330447330448 0.5485990860990861 0.09209956709956713 0.06595719095719085
65 0.7948051948051948 0.5502164502164503 0.09718614718614701 0.07097162097162098
82 0.579040404040404 0.6137205387205387 0.03399170274170271 0.026136363636363673
82 0.6662698412698412 0.626058201058201 0.043894300144300145 0.03007756132756141
82 0.5611291486291486 0.6326960076960078 0.04782647907647907 0.02735690235690235
82 0.6235209235209235 0.6369829244829245 0.03951118326118338 0.02265211640211639
82 0.09222582972582972 0.795983645983646 0.13731060606060605 0.052705627705627756
64 0.44157647907647907 0.06753848003848005 0.20126262626262623 0.11458633958633958
82 0.07130230880230881 0.8480218855218855 0.14260461760461762 0.07590187590187578
82 0.8951659451659452 0.9254329004329004 0.13376623376623392 0.09151034151034163
56 0.07177128427128426 0.08574434824434823 0.14354256854256853 0.12928090428090427
