46 0.36336917562724014 0.6267921146953405 0.2002240143369176 0.08110812425328541
30 0.7430406212664278 0.6581541218637993 0.22271505376344075 0.08879928315412185
21 0.5837574671445639 0.9353643966547192 0.22353942652329747 0.12019115890083662
45 0.3471744324970132 0.9235065710872163 0.2250776583034647 0.13436379928315428
31 0.7380107526881721 0.9549171146953405 0.137962962962963 0.09016577060931907
48 0.8105734767025089 0.23004778972520906 0.07648745519713261 0.11170848267622457
78 0.3693309438470729 0.2151732377538829 0.16456690561529272 0.08288530465949825
33 0.7189964157706094 0.24755077658303468 0.09307646356033443 0.06754778972520906
28 0.5573715651135006 0.24205495818399045 0.10549880525686971 0.059229390681003594
29 0.7649342891278375 0.4857228195937873 0.21696833930704887 0.10966248506571091
23 0.5596774193548387 0.4786140979689367 0.18711768219832742 0.06848864994026298
38 0.38824970131421743 0.474820788530466 0.17011947431302277 0.0660244922341697
