28 0.3546875 0.2984375 0.06484375 0.037109375
13 0.1875 0.31015625 0.058984375 0.071875
50 0.5109375 0.315625 0.043359375 0.053515625
13 0.43046875 0.31953125 0.046875 0.0578125
28 0.35546875 0.33515625 0.089453125 0.030078125
13 0.2359375 0.37109375 0.062109375 0.076171875
13 0.17578125 0.37265625 0.054296875 0.0921875
52 0.39921875 0.46953125 0.085546875 0.107421875
13 0.61171875 0.590625 0.040625 0.037109375
13 0.6546875 0.590625 0.046484375 0.06171875
13 0.54921875 0.6 0.048046875 0.05546875
26 0.3640625 0.603125 0.02109375 0.034375
26 0.38203125 0.60703125 0.016796875 0.039453125
26 0.43125 0.6140625 0.01796875 0.044140625
26 0.4109375 0.61796875 0.021875 0.0703125
26 0.39765625 0.625 0.0171875 0.04921875
26 0.34765625 0.625 0.0125 0.059765625
26 0.32578125 0.6265625 0.028125 0.040234375
13 0.59453125 0.62890625 0.0453125 0.0578125
26 0.3640625 0.63515625 0.019140625 0.026953125
26 0.44609375 0.6359375 0.01875 0.056640625
13 0.65078125 0.6375 0.044921875 0.044140625
26 0.37890625 0.6453125 0.0171875 0.030859375
26 0.33203125 0.64921875 0.017578125 0.023828125
82 0.65625 0.7515625 0.043359375 0.05
85 0.4515625 0.78671875 0.04609375 0.08125
82 0.56484375 0.79375 0.0390625 0.058984375
43 0.34609375 0.79453125 0.055078125 0.0703125
43 0.4 0.7953125 0.050390625 0.07265625
82 0.6390625 0.7984375 0.044140625 0.065625
82 0.6 0.8 0.03125 0.053125
82 0.6703125 0.80078125 0.021875 0.0578125
