56 0.39819164802386275 0.6506152125279642 0.16828237633606763 0.24519015659955257
86 0.692921948794432 0.10961968680089487 0.14033370618941093 0.09082774049217
86 0.5681705195128014 0.1221476510067114 0.150981854337559 0.06605145413870248
25 0.4535856326124782 0.13568232662192395 0.21326124782500636 0.12994966442953018
50 0.613441461595824 0.16124161073825502 0.14127516778523497 0.043260626398210336
17 0.6263298533432761 0.2934563758389262 0.35678598061148387 0.1265659955257271
50 0.3683134476758638 0.3738255033557047 0.10673626646781015 0.052656599552572694
50 0.1748695003728561 0.3926174496644295 0.09492915734526473 0.07902684563758393
17 0.5241610738255034 0.3743847874720358 0.17564317673378085 0.09443512304250554
50 0.2341909023117077 0.3987695749440716 0.11051454138702461 0.0600111856823266
