50 0.5368181280321855 0.5534670453200804 0.03373565258549281 0.025807596734114324
60 0.4170334871612827 0.555774464560407 0.053419713643355925 0.0415276298662881
50 0.6287125783930896 0.5597384924860964 0.04893503727369541 0.029114897645248917
50 0.5775943675304698 0.5593598390722991 0.04900603478878244 0.03869956218199031
60 0.48096674949710094 0.5610401135960241 0.06293633889480535 0.032413323866997946
47 0.45650218909004847 0.6007928055851378 0.13409359839072305 0.04252455330730102
56 0.2250325405277482 0.6206425275115371 0.14181753638622646 0.22268370607028767
28 0.5612412732221038 0.29248017986037156 0.11439770441367877 0.025207076085670372
86 0.4039048633297834 0.29291208141048397 0.05930659093598389 0.027594367530469753
86 0.3736835877410957 0.31025914093006746 0.06213761685007692 0.032407407407407454
86 0.44401845935392253 0.317169565731866 0.06216128268843908 0.03560229558632119
86 0.49436161401017625 0.32073719086498637 0.04537628682996097 0.03388060584546211
50 0.2204117855875044 0.320305289314874 0.08354040941900368 0.06451307537569513
28 0.6772926280913502 0.32528694829014315 0.08808129215477463 0.030602887232280176
86 0.38106141285055023 0.3358714944976926 0.0768341024730801 0.021734114305999287
86 0.44588806058454616 0.3539226127085552 0.0693586557803811 0.036853626789729026
28 0.5010117145899894 0.3559282925097622 0.04178203762868301 0.033853981777304525
47 0.6683114424328482 0.40668559933735654 0.08159685244349778 0.01777600283990054
28 0.480091113477695 0.44282925097621584 0.054810081647142385 0.06749497100934797
28 0.6504378180097029 0.4736421725239617 0.11767246479706528 0.03601348952786658
