64 0.2232413230840904 0.6424120661542045 0.05726764500349405 0.03697880270207308
40 0.10352317726531564 0.7775390170044258 0.030593407873282078 0.04424935942231535
40 0.1072443512695085 0.8058700209643606 0.019491031912415566 0.031196133240158467
40 0.07562893081761006 0.8284358257628699 0.01903098066620079 0.02215234102026566
50 0.36683554623806197 0.8927032378290239 0.026636384812485366 0.04068250640577687
50 0.34310505474027486 0.9121826228744467 0.03296645702306075 0.04623223852783607
50 0.31081411600279524 0.9198054973212206 0.029335546238061935 0.03362741672490072
50 0.27927440018634986 0.9321511763335661 0.02934428138830657 0.03480666200791959
13 0.1696832052177964 0.9730607966457023 0.042860470533426474 0.05387840670859537
56 0.12625786163522013 0.25566620079198693 0.06429361751688796 0.18953820172373634
