56 0.8419525229927914 0.9610676112353965 0.05860054685558031 0.07786477752920704
25 0.8231916480238629 0.10859433258762119 0.10828361918965931 0.06267089236887893
86 0.3880934625901069 0.16722595078299773 0.03068605518269948 0.07404300273427789
86 0.4410079542629878 0.22377578921203084 0.07011558538404176 0.07550335570469799
86 0.5465635098185433 0.23272433507332835 0.03581904051702699 0.07758513547104155
86 0.3863286104896843 0.2267897091722595 0.034532687049465584 0.06245339299030575
86 0.31499502858563266 0.33836689038031326 0.04208923688789462 0.09122545364156094
86 0.448011434253045 0.35589112602535417 0.08780760626398197 0.07867263236390758
86 0.577995277156351 0.3623850360427541 0.03823639075316928 0.07432264479244347
86 0.6371302510564255 0.40740740740740744 0.06331717623663925 0.12888391747452144
86 0.3137459607258265 0.40886776037782746 0.04507208550832713 0.07876584638329606
86 0.3455008699975143 0.41424310216256527 0.036732537907034506 0.08013298533432758
86 0.37649142431021626 0.4170705940840169 0.03831096196868006 0.0768394233159334
86 0.4116517524235645 0.42089236887894604 0.033376833209047926 0.08000869997514298
86 0.5902187422321651 0.4317051951280139 0.0677976634352473 0.08212155108128265
17 0.5268021377081781 0.44615336813323386 0.047508078548346946 0.04784986328610483
86 0.4490927168779517 0.6028461347253293 0.06828859060402692 0.07040765597812573
42 0.5386589609743971 0.6128821774794929 0.10155978125776788 0.11856823266219232
