86 0.8662872942386831 0.18626543209876545 0.12891911008230453 0.0646797839506173
57 0.2675733024691358 0.21006944444444445 0.099292695473251 0.13271604938271608
83 0.4018904320987654 0.2238618827160494 0.16315586419753084 0.12298418209876535
28 0.6406764403292181 0.26141975308641974 0.25423739711934146 0.06634837962962968
18 0.4185828189300411 0.3645447530864197 0.26123971193415635 0.039351851851851784
52 0.9599408436213991 0.39903549382716047 0.06159979423868281 0.08942901234567893
82 0.78872170781893 0.4279320987654321 0.15717592592592589 0.03819444444444445
63 0.8159079218106995 0.8011574074074075 0.12327674897119323 0.06442901234567897
50 0.9277456275720165 0.869579475308642 0.09656635802469143 0.04070216049382718
36 0.786985596707819 0.07582947530864198 0.21974022633744836 0.043142361111111104
