68 0.6952417695473252 0.19365354938271606 0.207253086419753 0.10790895061728396
38 0.31370241769547325 0.18452932098765432 0.14474022633744849 0.07569444444444448
28 0.5400012860082304 0.4487268518518518 0.15577417695473234 0.08657407407407408
55 0.7642103909465021 0.46913580246913583 0.23328189300411534 0.07962962962962965
60 0.29877186213991774 0.46585648148148157 0.12287808641975317 0.0574074074074073
62 0.5141525205761317 0.591184413580247 0.1552854938271605 0.13676697530864207
53 0.7016911008230452 0.6282407407407408 0.18131430041152263 0.10848765432098754
55 0.34501671810699586 0.6254436728395062 0.20122170781893 0.09378858024691342
76 0.5780992798353909 0.9030478395061728 0.15398662551440326 0.19390432098765428
42 0.3784272119341564 0.9370177469135802 0.2142103909465021 0.1259645061728397
