36 0.4958847736625514 0.18633616255144034 0.17455954218106998 0.028179655349794212
28 0.18602109053497942 0.2621463477366255 0.14879115226337447 0.035172325102880625
86 0.5624035493827161 0.27046682098765434 0.08895961934156382 0.0477334104938271
57 0.11426183127572015 0.31792695473251026 0.0688818158436214 0.09124871399176963
83 0.2134452160493827 0.3225372942386831 0.13496656378600821 0.08355195473251026
28 0.3996270576131687 0.3310699588477366 0.18324009773662553 0.05173289609053495
18 0.23765432098765432 0.4133744855967078 0.20272312242798357 0.027295524691358035
52 0.7212577160493827 0.4088155864197531 0.19360853909465014 0.07400977366255151
82 0.5149819958847738 0.44400720164609053 0.11201131687242791 0.025951646090535005
82 0.22071116255144035 0.5187178497942386 0.10508294753086418 0.03799511316872422
63 0.5461676954732511 0.6997620884773662 0.09032600308641985 0.03777649176954729
50 0.620531121399177 0.7377443415637859 0.059799382716049405 0.02170781893004106
