23 0.1963864838864839 0.44878547378547384 0.10401034151034151 0.154004329004329
86 0.39295935545935545 0.4483104858104857 0.1516293891293892 0.08172198172198179
25 0.557058682058682 0.5441798941798942 0.1883597883597884 0.11308321308321301
28 0.30357744107744106 0.5576839826839827 0.20784030784030788 0.11337181337181353
86 0.8247895622895622 0.6888828763828764 0.1790764790764791 0.06590909090909094
26 0.5469095719095719 0.7019360269360269 0.30974627224627227 0.04027176527176539
50 0.37896825396825395 0.7742905242905243 0.12451298701298699 0.08943001443001454
86 0.8347703222703223 0.8024711399711401 0.1481481481481483 0.09140211640211643
82 0.6780844155844157 0.8454124579124579 0.11896945646945638 0.07799422799422805
44 0.5273989898989899 0.85251924001924 0.24760101010101013 0.08638768638768649
56 0.5872174122174122 0.9434343434343434 0.1194083694083694 0.09908609908609894
