12 0.6253575357535754 0.1917552866397751 0.2971488815548223 0.1897536975919814
12 0.2905207187385406 0.25042782055983376 0.3387147048038137 0.1797610316587214
12 0.6009900990099011 0.31233956729006235 0.3502291895856251 0.17936376971030438
12 0.24352768610194353 0.3594303874831928 0.4136505317198386 0.1792415352646376
12 0.19915199853318666 0.4986554210976653 0.3983039970663733 0.20799718860774968
12 0.8352585258525852 0.5267999022124435 0.29486615328199484 0.22179440166238842
12 0.6757242390905757 0.6390722405573892 0.3883388338833884 0.21207676323187868
12 0.677942794279428 0.7936988143258771 0.39426109277594423 0.27119239701747955
12 0.18905390539053904 0.7855091064662022 0.35995599559955993 0.24067962351790734
12 0.38762376237623763 0.8548465957706882 0.36372387238723874 0.27912235668011226
