56 0.5585211085211085 0.6757834757834758 0.10674048174048172 0.15154428904428915
84 0.14375809375809379 0.7522662522662523 0.19243719243719243 0.1237762237762237
28 0.7338383838383838 0.7758611758611759 0.11581196581196596 0.13325887075887083
47 0.27564102564102566 0.7844988344988345 0.2595506345506345 0.11771885521885524
86 0.8600751100751101 0.1727855477855478 0.12226107226107237 0.11495402745402745
86 0.3937516187516188 0.19022274022274022 0.23672299922299925 0.12891090391090393
86 0.04932012432012432 0.19279979279979279 0.09864024864024865 0.08293188293188294
86 0.18995078995078996 0.1961020461020461 0.20177415177415176 0.08495532245532243
86 0.6744172494172493 0.21523569023569025 0.22469891219891228 0.106536519036519
86 0.20073167573167572 0.27467624967624965 0.1978632478632479 0.0709434084434084
86 0.4086959336959337 0.27575757575757576 0.2068861693861694 0.06576664076664074
86 0.5815332815332815 0.31205646205646204 0.16766381766381772 0.11354247604247601
86 0.7605218855218856 0.31772209272209273 0.15387205387205388 0.11999481999481999
86 0.22373089873089874 0.32432012432012436 0.19483294483294486 0.0866517741517741
86 0.04650349650349651 0.33004403004403005 0.09300699300699301 0.09515669515669516
86 0.4115384615384615 0.3272986272986273 0.18387723387723393 0.07083980833980832
17 0.5309311059311059 0.4566304066304066 0.20960890960890965 0.11341621341621344
28 0.4536842786842787 0.5271173271173272 0.23809893809893817 0.1311059311059311
