56 0.7812007168458781 0.20876344086021506 0.15028673835125433 0.1678494623655914
29 0.42650537634408603 0.21500000000000002 0.19587813620071687 0.11774193548387096
13 0.4960752688172043 0.46435483870967736 0.06706093189964159 0.0463440860215054
13 0.3852867383512545 0.47069892473118274 0.10512544802867378 0.09236559139784944
38 0.5568100358422939 0.4934408602150537 0.09949820788530463 0.05655913978494614
27 0.7653763440860215 0.5210752688172043 0.25612903225806444 0.07505376344086016
55 0.5527598566308244 0.6393548387096774 0.21792114695340498 0.0950537634408603
23 0.37268817204301075 0.6378494623655915 0.1449462365591398 0.07247311827957
55 0.7634408602150539 0.9325806451612904 0.1947670250896056 0.1348387096774192
55 0.573405017921147 0.9413440860215053 0.2089605734767025 0.11731182795698927
