79 0.8201528709917972 0.22745463584389758 0.1752796420581656 0.11585881183196627
84 0.631338553318419 0.2243785732040766 0.1702087994034303 0.11403181705195123
56 0.43626025354213277 0.38985210042257024 0.10413870246085001 0.15902311707680844
55 0.6868008948545862 0.48626025354213276 0.19858314690529466 0.10816554809843405
38 0.42071215510812826 0.4850919711657967 0.1367263236390753 0.11639323887646047
29 0.4664243102162565 0.6190840169028089 0.1937733035048472 0.11808351976137205
55 0.6596569724086503 0.6499937857320408 0.17501864280387774 0.10411384538901305
23 0.8643549589858315 0.6560589112602535 0.19850857568978378 0.10480984340044748
42 0.7683258762117823 0.8597253293562017 0.2350857568978374 0.16625652498135732
62 0.4531692766592096 0.9133482475764356 0.19149888143176733 0.16664180959482958
58 0.6171700223713646 0.9325254784986328 0.19436987322893362 0.13494904300273447
