36 0.6413559322033898 0.2538920276208412 0.2141023226616447 0.04841494036409285
28 0.2781293157564344 0.3017263025737602 0.1632423101067169 0.044224733207784084
86 0.6895919648462021 0.3457940991839297 0.10282799748901453 0.060043942247332074
28 0.5004456999372253 0.39463276836158195 0.19997489014438166 0.07104519774011303
18 0.3199435028248587 0.4670433145009416 0.21319209039548018 0.04623352165725056
52 0.8485310734463277 0.5138418079096045 0.20962962962962978 0.11150345260514757
84 0.6195605775266791 0.5308537350910232 0.11620841180163213 0.04074074074074079
84 0.2903327055869429 0.5778091650973006 0.12624293785310736 0.051208411801632284
63 0.6206967984934086 0.8078154425612052 0.09820150659133707 0.04659447583176381
50 0.7126867545511613 0.8562460765850597 0.09920903954802254 0.03779033270558696
