36 0.5111432613168724 0.18600180041152262 0.1743698559670782 0.030751671810699585
28 0.20075231481481481 0.24792309670781895 0.14854681069958847 0.03735853909465013
86 0.5770318930041152 0.272948816872428 0.08861561213991781 0.04902584876543208
57 0.12858796296296296 0.3004243827160493 0.06821309156378602 0.09221965020576128
83 0.22772633744855966 0.30943287037037037 0.13436213991769552 0.08550668724279831
28 0.41382458847736625 0.32622170781893 0.1828768004115226 0.05442065329218101
18 0.25126028806584366 0.401195987654321 0.20254308127572015 0.030285493827160517
52 0.7348443930041153 0.41812628600823043 0.1930812757201647 0.07683899176954728
82 0.5283307613168725 0.44409722222222225 0.11183127572016478 0.027597736625514457
82 0.23353909465020578 0.505613425925926 0.10481288580246921 0.03953189300411511
63 0.5576195987654321 0.7008166152263375 0.09005594135802476 0.03909465020576124
50 0.6316936728395063 0.742039609053498 0.059645061728395156 0.022582304526748982
