36 0.5052711414486158 0.20087220326128175 0.17160599165718624 0.03149412210845657
28 0.18629124004550623 0.28579825559347743 0.1405764125900645 0.03522942737959803
86 0.5571861964353432 0.28124762988244223 0.07952218430034133 0.04956389836935918
83 0.22013651877133106 0.33543799772468713 0.11896094046264695 0.07901971937808114
57 0.12961698900265453 0.34287068638604473 0.06670458854759198 0.08649981039059534
28 0.39893818733409175 0.34453924914675765 0.1751611679939326 0.05722411831626843
18 0.23767538869927948 0.4284224497535078 0.20100492984452029 0.031095942358741004
52 0.7015737580583997 0.41973833902161545 0.20248388320060676 0.07846985210466442
82 0.5184679560106181 0.4508911642017444 0.12347364429275702 0.03276450511945381
82 0.20976488433826318 0.5336556693211983 0.11308304891922637 0.04466249525976487
63 0.5230944254835039 0.7029958285930982 0.07933257489571471 0.041031475161168056
50 0.7356276071293136 0.7284982935153583 0.06158513462267721 0.02873530527114157
50 0.5921880925293895 0.7391353811149033 0.0547117937049678 0.026298824421691194
