7 0.4578125 0.4953125 0.07109375 0.08515625
7 0.84453125 0.565625 0.084375 0.0734375
7 0.6390625 0.63359375 0.0578125 0.0515625
7 0.38984375 0.690625 0.09453125 0.0953125
7 0.68984375 0.74921875 0.20234375 0.14921875
7 0.4921875 0.7953125 0.096875 0.04375
7 0.6734375 0.890625 0.090625 0.0578125
7 0.67578125 0.31640625 0.065625 0.06953125
7 0.44453125 0.36796875 0.0578125 0.04296875
7 0.56328125 0.38671875 0.08359375 0.11015625
7 0.7515625 0.41015625 0.09921875 0.0953125
7 0.4296875 0.41640625 0.06328125 0.03828125
7 0.80234375 0.459375 0.0828125 0.08515625
