79 0.8257627118644069 0.16451977401129944 0.15969868173257995 0.08821092278719393
84 0.6361770244821092 0.18227871939736348 0.16169491525423724 0.09502824858757061
68 0.4487005649717514 0.1906779661016949 0.1773258003766479 0.1038418079096045
56 0.7810546139359699 0.3703954802259887 0.13619585687382307 0.16896421845574386
55 0.623954802259887 0.4382297551789077 0.21747645951035785 0.09288135593220331
38 0.41523540489642186 0.46741996233521654 0.12741996233521663 0.08580037664783434
29 0.5701318267419963 0.5825047080979285 0.2617702448210923 0.09894538606403007
55 0.8249717514124294 0.6013935969868173 0.23148775894538606 0.10335216572504724
42 0.7580225988700565 0.8314689265536723 0.24131826741996226 0.13404896421845566
62 0.6044821092278719 0.8763653483992467 0.1586440677966102 0.14067796610169492
58 0.3913559322033898 0.928512241054614 0.16312617702448215 0.127231638418079
