7 0.09639344262295081 0.4997449908925319 0.11553734061930784 0.1483970856102004
7 0.1495081967213115 0.6018943533697633 0.1066848816029144 0.19244080145719494
7 0.04296903460837887 0.6419854280510018 0.060000000000000005 0.11930783242258661
2 0.5374863387978143 0.6424772313296904 0.19633879781420763 0.13462659380692174
2 0.7008743169398907 0.6511475409836065 0.14927140255009125 0.15488160291438977
7 0.09191256830601094 0.6671402550091075 0.1334608378870674 0.4019489981785063
7 0.08872495446265938 0.7082149362477231 0.15367941712204006 0.4638433515482696
2 0.3241347905282332 0.7103642987249544 0.11023679417122034 0.204808743169399
2 0.49214936247723134 0.7427140255009107 0.17067395264116572 0.12258652094717677
7 0.11633879781420765 0.7699271402550091 0.16801457194899816 0.1503825136612022
2 0.6319307832422586 0.7961930783242259 0.16451730418943541 0.1773406193078323
