80 0.7467724867724869 0.5664079952968841 0.11912698412698405 0.1389094650205762
39 0.32248677248677254 0.588589065255732 0.14994708994709 0.11335684891240445
18 0.5050793650793651 0.598342151675485 0.18425925925925915 0.0806907701352146
41 0.681005291005291 0.6248030570252793 0.12031746031746024 0.06752498530276305
56 0.6184656084656085 0.8251675485008817 0.10759259259259255 0.16222516166960615
33 0.3048148148148148 0.8774661963550853 0.07759259259259257 0.06919165196942982
48 0.32312169312169314 0.9003350970017636 0.06637566137566137 0.10916813639035873
28 0.5660846560846561 0.9207466196355085 0.14243386243386247 0.08990005878894776
82 0.7593121693121693 0.21172839506172839 0.20626984126984135 0.0657818930041152
22 0.5159259259259259 0.22146384479717815 0.1410317460317459 0.039121105232216395
59 0.5436507936507936 0.44813051146384475 0.1639682539682539 0.10949441504997068
78 0.3625396825396826 0.4518518518518518 0.1514021164021164 0.08163727219282789
81 0.7758201058201057 0.45196355085243967 0.12817460317460316 0.07234273956496184
81 0.6652910052910053 0.4559553203997648 0.0876190476190477 0.058953556731334504
