23 0.28748558246828143 0.3285915673458926 0.24336793540945795 0.17006279636037422
86 0.5943675509419455 0.37533640907343324 0.17340766371908253 0.06388568499295143
25 0.8222094066384724 0.4606689734717416 0.2053280789439959 0.11246956298859415
28 0.5374663590926567 0.4628348071254646 0.272673971549404 0.09916698705626045
26 0.742079969242599 0.646315519671921 0.36760220428040485 0.13246187363834422
50 0.5160707420222991 0.7809111880046137 0.16692297834166353 0.12229911572472123
44 0.6711841599384852 0.8705882352941178 0.23410547225426118 0.1453030885556837
82 0.860560041009868 0.8913302575932334 0.11837754709727027 0.1055875945149302
50 0.15192874535435089 0.8701076509034986 0.10476739715494039 0.1359092656670513
56 0.7377162629757785 0.9772971933871587 0.16152761758298081 0.04540561322568257
