50 0.7226261496395725 0.5136713895103157 0.05381556052697002 0.041216132239622116
60 0.6329231916480239 0.5086999751429282 0.06899391001739988 0.044432015908526044
56 0.33867760377827494 0.4927603778274919 0.11703020134228188 0.17808538404175991
28 0.7119997514292816 0.2493475018642804 0.0956841909023118 0.0422259507829978
86 0.5504287844891872 0.24658215262242109 0.05131431767337795 0.030154735272184947
50 0.321712652249565 0.2380064628386776 0.07578299776286347 0.05832090479741483
86 0.5343027591349739 0.26295674869500374 0.0760781754909272 0.03240740740740735
86 0.6460663683818046 0.27625528212776534 0.04738379318916235 0.03697489435744474
28 0.8290454884414615 0.2923191648023863 0.0985427541635596 0.04034613472532937
86 0.5393984588615461 0.2875963211533681 0.06756462838677597 0.02843027591349741
86 0.5978125776783495 0.3061459110116828 0.05962590106885414 0.03997327864777529
28 0.6524049217002237 0.3118630375341785 0.041200596569724066 0.02815063385533183
47 0.8008016405667412 0.3655232413621675 0.1030791697738007 0.02729617201093704
28 0.6295364156102411 0.3946681580909769 0.05828983345761873 0.07166604523987069
28 0.7991859308973402 0.4348434004474273 0.10550273427790195 0.03626025354213269
60 0.5681394481730052 0.49888143176733785 0.05617698235147907 0.037207929405915885
50 0.6831344767586378 0.5090728312204822 0.02825938354461847 0.028865274670643783
