29 0.5420393664104355 0.5783834148614023 0.2521896109946424 0.08706033077102253
30 0.7863731656184486 0.5967738178430002 0.16703354297693923 0.051997437689261586
45 0.7375902632191941 0.8152399254600512 0.19819473561611914 0.12006172839506173
62 0.5848707197763802 0.8450151409270906 0.13135918937805735 0.11749941765665047
39 0.8088341486140229 0.8542744001863499 0.09848590729093847 0.13666433729326818
59 0.39427556487304916 0.8942173305380852 0.15151409270906127 0.07928022361984625
82 0.6014325646401119 0.20097251339389705 0.15458304216165847 0.06910668530165388
78 0.7814523643139994 0.19987770789657583 0.1309923130677848 0.06797111576985788
67 0.43631493128348475 0.20656300955043094 0.1403622175634755 0.05946307943163293
56 0.7501979967388772 0.3866410435592825 0.11196715583508053 0.15258560447239697
76 0.4860179361751689 0.39448520847891916 0.28244234800838575 0.1386035406475658
38 0.3999417656650361 0.44764150943396225 0.10416375494991852 0.05421034241788956
46 0.6522245515956208 0.4541229909154437 0.18591893780573038 0.05463545306312606
