86 0.6997949506600025 0.10947712418300654 0.13512431116237344 0.09948096885813146
86 0.5771498141740357 0.10297321542996284 0.12765923362809162 0.10322952710495961
28 0.45142893758810715 0.14785979751377676 0.1402986031013713 0.12868448032807892
86 0.7056260412661797 0.18819684736639755 0.13292964244521344 0.07566000256311678
28 0.32167115212097913 0.16147635524798157 0.16363898500576698 0.07793476867871332
86 0.5821158528770985 0.18162886069460463 0.11905677303601173 0.07420222991157246
74 0.2269319492502884 0.7291426374471357 0.037389465590157586 0.040192874535435165
74 0.2644495706779444 0.7362232474689223 0.0499327181853133 0.07596437267717542
74 0.3468537741894143 0.756952454184288 0.04270793284634121 0.053921568627451115
74 0.20412021017557352 0.7463795975906702 0.029539920543380754 0.050365244136870393
74 0.40055107010124313 0.7617903370498526 0.07489106753812641 0.0412501601947969
74 0.23388440343457645 0.7649301550685633 0.05108612072279891 0.03346469306676922
74 0.1849929514289376 0.8017429193899782 0.05065359477124182 0.07988914520056378
74 0.3860053825451749 0.8209342560553633 0.0593842112008202 0.06419005510701012
21 0.6821094450852236 0.8463091118800462 0.22653146225810591 0.12560874022811738
74 0.2835127515058311 0.819364347046008 0.15734332948865823 0.08004933999743681
