72 0.4513559322033899 0.2923728813559322 0.13336158192090386 0.055056497175141265
52 0.2530320150659134 0.2888135593220339 0.19962335216572505 0.1399623352165725
23 0.708738229755179 0.3091148775894539 0.3147645951035781 0.11838041431261768
50 0.2940677966101695 0.5406967984934087 0.08815442561205275 0.0599811676082863
86 0.8143126177024482 0.556497175141243 0.11167608286252359 0.08930320150659131
82 0.6985499058380414 0.5768173258003766 0.08460451977401123 0.05270244821092277
29 0.4903389830508475 0.674783427495292 0.18507532956685502 0.11422787193973626
24 0.6756497175141243 0.8060828625235406 0.19251412429378537 0.08686440677966102
50 0.44958568738229754 0.8298870056497175 0.07184557438794731 0.05030131826742001
50 0.522316384180791 0.838286252354049 0.0728531073446328 0.05752354048964215
