23 0.3471787223465076 0.28571961222967934 0.14432326621923935 0.10879008202833708
86 0.5030449913000248 0.29254287844891874 0.10057481978622906 0.040781133482475744
25 0.6144419587372608 0.3470917225950783 0.11521563509818551 0.06456935123042508
27 0.5754349987571464 0.43525354213273676 0.19767586378324628 0.06304996271439225
86 0.7490057171265224 0.4407904548844146 0.1335290827740491 0.07838366890380319
50 0.4594208302261994 0.5183445190156599 0.09421140939597311 0.047343400447427346
86 0.7351230425055928 0.5303504847129008 0.1346290082028336 0.08343586875466068
44 0.5500932140193885 0.5514354958985832 0.11530263484961467 0.06624720357941837
50 0.2646843151876708 0.5484526472781507 0.09055431270196367 0.06569724086502611
56 0.5606823266219239 0.6549776286353468 0.10338988317176248 0.11123228933631624
24 0.6383979617201093 0.7759694258016405 0.1489777529207059 0.08543064876957507
