31 0.43058439061899273 0.4750865051903115 0.2684095860566449 0.03922529796232217
81 0.8104382929642445 0.596232218377547 0.2086505190311419 0.10960207612456752
59 0.6216006664103549 0.6047481737793156 0.1606561578879918 0.08693771626297578
28 0.43169293861335384 0.6167435601691656 0.14965718313469173 0.06898308342945028
45 0.8019159297706011 0.8858323721645522 0.17458349352813013 0.16888696655132662
78 0.5516596180956043 0.8957131872356785 0.17916186082276045 0.10765090349865428
23 0.395283865180059 0.9104190695886196 0.14740484429065742 0.09657823913879253
39 0.869761630142253 0.14913494809688582 0.18550237088299368 0.11988658208381393
75 0.6976483403819045 0.19615532487504803 0.19767717544534155 0.0337658592848904
48 0.8011598103293605 0.4029219530949635 0.07446815327438155 0.11223567858515952
67 0.47899525823401257 0.43081507112648976 0.20853517877739325 0.07849865436370623
33 0.6149557862360631 0.4398885044213764 0.09134948096885805 0.08366974240676668
76 0.747917467640651 0.44125336409073435 0.3364859669357938 0.0800461361014995
