56 0.58828125 0.16640625 0.23125 0.0296875
26 0.70078125 0.22421875 0.23984375 0.0734375
50 0.5375 0.3328125 0.0875 0.0625
86 0.628125 0.034375 0.12734375 0.04375
86 0.8375 0.3515625 0.07890625 0.1
50 0.30625 0.36953125 0.1 0.0703125
44 0.63671875 0.38046875 0.13984375 0.0578125
82 0.75 0.38203125 0.09140625 0.0671875
23 0.42265625 0.03984375 0.1625 0.0765625
56 0.64140625 0.49765625 0.10859375 0.1203125
72 0.26796875 0.05234375 0.19765625 0.0546875
24 0.7125 0.62734375 0.12109375 0.0765625
49 0.85078125 0.7640625 0.04375 0.115625
25 0.78515625 0.08828125 0.16640625 0.0703125
28 0.596875 0.0890625 0.17734375 0.06875
