39 0.523805256869773 0.5824731182795699 0.14554958183990427 0.11715949820788535
59 0.45191158900836315 0.622741935483871 0.1720878136200717 0.11130824372759868
26 0.8301971326164874 0.6536917562724014 0.18315412186379945 0.0813620071684588
75 0.6223118279569894 0.6514874551971326 0.13039127837514938 0.04838709677419355
78 0.568936678614098 0.8982795698924733 0.17600059737156523 0.10978494623655904
53 0.4186379928315412 0.9126523297491039 0.12956989247311834 0.08620967741935491
21 0.8310931899641578 0.9266487455197133 0.22028076463560306 0.1043279569892474
39 0.8273596176821982 0.21322580645161288 0.13067502986857818 0.11199820788530462
45 0.4249402628434886 0.22602150537634408 0.26366487455197124 0.06503584229390677
56 0.634647550776583 0.4158602150537634 0.12296893667861414 0.14926523297491046
76 0.45454002389486253 0.46258064516129027 0.24820788530465954 0.0900537634408601
82 0.6074671445639188 0.48369175627240146 0.200925925925926 0.07129032258064523
46 0.7987753882915174 0.4903584229390681 0.2031810035842293 0.06369175627240133
