13 0.727647615666785 0.23255236066737664 0.07590817654715412 0.057578984735534224
55 0.4121879067565968 0.22793752218672347 0.18944503609040353 0.06808661696840608
60 0.5823157022837534 0.2317181398651047 0.13010294639687595 0.050798722044728364
13 0.8131700390486334 0.2384451544195953 0.09679327890190513 0.06602768903088398
56 0.7992249437936338 0.4289669861554846 0.09339723109691166 0.1601703940362087
56 0.38312625724766297 0.42211572594959174 0.0983078925570938 0.1682641107561234
38 0.8303100224825465 0.4791622293219738 0.15634836114069342 0.09769258075967342
84 0.41483848065317713 0.6224352147674831 0.13513193704886997 0.0668796592119276
28 0.607342326351911 0.6275115370962016 0.140184593539226 0.0845580404685837
38 0.8063897763578274 0.6431132410365638 0.11317003904863328 0.09353922612708553
53 0.6316234765116555 0.865193468228612 0.08594249201277948 0.08814341498047591
29 0.4841557212164241 0.8818778842740503 0.24477576618151692 0.13798367057152994
55 0.7800851970181043 0.915601703940362 0.20925334279966867 0.11164359247426345
53 0.621038930304106 0.9591764288249911 0.0965092888415572 0.04685835995740137
