31 0.5548172757475083 0.42978959025470653 0.19975083056478404 0.04944629014396454
13 0.5166112956810631 0.5685492801771871 0.16320598006644518 0.11013289036544843
28 0.717607973421927 0.5559800664451827 0.14327242524916944 0.0739202657807309
30 0.36129568106312293 0.5888704318936877 0.20390365448504982 0.08959025470653369
23 0.37624584717607973 0.9101328903654484 0.1511627906976744 0.1060077519379844
80 0.7799003322259136 0.1382059800664452 0.15282392026578073 0.07497231450719821
78 0.3787375415282392 0.1691029900332226 0.17026578073089702 0.0773809523809524
38 0.5764119601328903 0.16173864894795129 0.17566445182724252 0.06362126245847179
81 0.36046511627906974 0.41118493909191584 0.13330564784053156 0.09941860465116273
67 0.7342192691029901 0.3879291251384274 0.18646179401993354 0.08552048726467333
