79 0.781108744527275 0.2250621228257011 0.1543130990415334 0.09300674476393327
84 0.6082771269672228 0.2277777777777778 0.14778132765353205 0.08793042243521483
27 0.41315228966986156 0.22710330138445156 0.2108271210507632 0.062016329428469956
56 0.41906283280085205 0.378523251686191 0.09624896461957161 0.1255236066737664
55 0.6632647024020826 0.4773517926872559 0.2692344101289788 0.0949236776712815
28 0.4252218672346468 0.4675718849840255 0.13519110164477566 0.09375221867234644
53 0.8389125547272511 0.48755768548100814 0.12503845698733895 0.0741569045083422
42 0.7773813749852089 0.620784522541711 0.19355105904626657 0.12506212282570092
23 0.45683351082712104 0.615335463258786 0.156099869837889 0.09946751863684769
62 0.5928174180570346 0.8845047923322684 0.16114069340906403 0.16190983315583926
29 0.41371435333096673 0.8829428470003549 0.2047390841320555 0.1526801561945332
