86 0.5055116133082235 0.3364469554300063 0.09622096672944119 0.04547394852479594
23 0.34863151286880095 0.3375141242937853 0.13628688010043935 0.09689265536723157
25 0.6117827997489015 0.38380414312617706 0.10796296296296308 0.05581293157564344
28 0.47414312617702453 0.3936346516007533 0.13263967357187698 0.059566854990583805
86 0.7522912743251726 0.47745134965473945 0.12032956685499052 0.07293785310734457
27 0.5928939108600125 0.4776333961079724 0.17486189579409928 0.05510985561833021
86 0.7428499686126805 0.5671814187068426 0.12434400502197103 0.07977401129943493
50 0.4715379786566227 0.5674011299435028 0.08642498430634027 0.04363465160075343
82 0.6497237915881984 0.5912366603892028 0.06910232266164458 0.04507219083490273
44 0.5580979284369115 0.5932705586942876 0.13052102950408037 0.05953546767106087
50 0.2797551789077213 0.601864406779661 0.08503138731952299 0.05377903327055881
56 0.5803829252981796 0.699579409918393 0.09351851851851842 0.11150659133709982
