50 0.46018838908112264 0.5342752787389466 0.06462898885044223 0.04294502114571334
50 0.4886133538382673 0.5850634371395617 0.07919710367807248 0.06315840061514788
43 0.5873061642957836 0.5924452133794694 0.06077470203767775 0.04545367166474436
43 0.59760348583878 0.6454248366013071 0.10439894912213254 0.07150134563629375
13 0.5514801999231066 0.8009227220299885 0.09146802511854431 0.07424067666282207
65 0.7349224657183134 0.8084582852748943 0.0810425477380495 0.07098231449442531
65 0.6529219530949635 0.8187427912341407 0.08233371780084595 0.07057862360630533
63 0.7098936306548764 0.8701653210303729 0.09079200307574027 0.057795078815840076
63 0.7999615532487504 0.8790849673202614 0.07699602716903746 0.060515186466743726
63 0.6604254773804947 0.9166282199154172 0.09012559272074847 0.0711841599384851
63 0.5635524798154556 0.9153402537485581 0.09450852236319363 0.07517301038062292
63 0.75040369088812 0.9194925028835064 0.09123093681917219 0.05823721645520941
63 0.8594386774317571 0.9245098039215687 0.09092015891323837 0.06644559784698195
