28 0.7011363636363636 0.6378787878787879 0.15672799422799427 0.07004870129870126
67 0.43338744588744593 0.6273268398268398 0.2008177008177008 0.090422077922078
82 0.8280844155844155 0.6682359307359307 0.15563071188071184 0.07808441558441562
80 0.7649771524771525 0.8967532467532467 0.11450517075517067 0.14832251082251102
76 0.37563131313131315 0.8846320346320348 0.15111832611832615 0.23073593073593054
25 0.4118686868686869 0.21477272727272728 0.1704154641654642 0.09082792207792206
81 0.7950577200577201 0.24518398268398267 0.2117213804713805 0.08750000000000005
80 0.771422558922559 0.45606060606060606 0.12523448773448764 0.13363095238095246
59 0.39526815776815777 0.46260822510822514 0.15161435786435795 0.080654761904762
33 0.5381974506974507 0.4770021645021645 0.08054353054353042 0.07267316017316015
38 0.6657046657046657 0.49036796536796534 0.11110509860509853 0.05565476190476185
