12 0.88359375 0.21640625 0.108203125 0.148828125
12 0.75625 0.23671875 0.084375 0.148046875
12 0.37734375 0.32109375 0.10625 0.1625
12 0.5796875 0.34765625 0.084375 0.148046875
12 0.85 0.34765625 0.09375 0.1828125
12 0.21953125 0.35546875 0.08125 0.14375
12 0.3859375 0.41953125 0.125 0.198046875
12 0.1390625 0.4640625 0.077734375 0.1375
12 0.69609375 0.47734375 0.098046875 0.1609375
12 0.95234375 0.52734375 0.082421875 0.1375
12 0.50859375 0.57109375 0.092578125 0.1640625
12 0.30625 0.5953125 0.10078125 0.147265625
12 0.2046875 0.615625 0.09375 0.13828125
12 0.10390625 0.71484375 0.1125 0.184375
12 0.28203125 0.74609375 0.113671875 0.1828125
