7 0.46400885935769653 0.46888150609080836 0.08228743693859977 0.09221114802510162
7 0.8806755260243632 0.5344961240310078 0.09548418850744439 0.08006644518272432
7 0.6675895164267258 0.611609449981543 0.06552233296419326 0.05618309339239586
7 0.40713055247938973 0.6781284606866003 0.10800418358557887 0.10356220007382796
7 0.7306816783560969 0.7333333333333334 0.22686723268118628 0.1634182355112587
7 0.5241786637135474 0.7870062753783684 0.10643533899347862 0.048800295311923154
7 0.7243755383290267 0.8840531561461795 0.10089824043312419 0.06360280546327039
7 0.6816475944382921 0.27353266888150607 0.07524301710348223 0.07547065337763013
7 0.43986095730281777 0.3338132152085641 0.0648455764734835 0.04704688076781095
7 0.5675833640949921 0.3509413067552602 0.09754521963824281 0.11908453303802137
7 0.7695951765719208 0.3714101144333703 0.1129875722898978 0.10367294204503515
7 0.42789467208071863 0.3856589147286822 0.07029039005783186 0.042192691029900295
7 0.8274578565276239 0.42253599114064233 0.09474590869939713 0.09248800295311928
