29 0.41397849462365593 0.2185663082437276 0.19118279569892468 0.113763440860215
13 0.845268817204301 0.2378136200716846 0.09870967741935491 0.07949820788530466
13 0.7448924731182797 0.24202508960573474 0.10268817204301088 0.06670250896057357
56 0.4245698924731183 0.413673835125448 0.13236559139784937 0.17365591397849475
38 0.5793010752688171 0.48797491039426527 0.10290322580645155 0.06992831541218647
27 0.8061827956989247 0.5091218637992831 0.27365591397849454 0.07050179211469533
55 0.6396774193548388 0.6326523297491039 0.23032258064516123 0.07275985663082433
84 0.4429569892473118 0.6290860215053763 0.17279569892473118 0.0795340501792115
55 0.5228494623655914 0.9215591397849461 0.23408602150537633 0.10505376344086002
55 0.7891935483870967 0.9306989247311828 0.24075268817204298 0.10842293906810027
