56 0.6516036655211913 0.8878325060455645 0.11351660939289795 0.18513427516863948
50 0.6536082474226804 0.1375397734504264 0.08765750286368841 0.028748249968181216
86 0.38585337915234824 0.2697976326842306 0.1654639175257731 0.031911034746086246
86 0.25 0.288398879979636 0.08920389461626578 0.051944126256841104
86 0.2638602520045819 0.2991345297187221 0.09355670103092782 0.04649993636247931
28 0.07222222222222222 0.318531246022655 0.1238258877434135 0.08898116329387812
28 0.21305841924398625 0.3280768741249841 0.16199885452462776 0.0571019473081329
28 0.3709049255441008 0.3268295787196131 0.1354238258877434 0.037880234186076125
25 0.5349369988545247 0.3228267786687031 0.14309851088201597 0.03725022273132239
13 0.47680412371134023 0.5003181876034111 0.10028636884306989 0.038125238640702525
13 0.48602520045819014 0.5291968944889907 0.10721649484536079 0.058479699630902285
27 0.17674684994272621 0.5640829833269696 0.2206471935853379 0.07513045691739852
