56 0.38609318996415776 0.1589964157706093 0.14996415770609317 0.18379928315412186
23 0.5287455197132616 0.21222222222222223 0.12616487455197126 0.08336917562724011
38 0.8082974910394265 0.21245519713261649 0.13788530465949828 0.09329749103942651
27 0.6669175627240144 0.22123655913978493 0.14401433691756274 0.04992831541218642
13 0.46722222222222215 0.41822580645161295 0.24612903225806454 0.06347670250896048
55 0.4448387096774193 0.468673835125448 0.2544802867383513 0.07010752688172048
55 0.6891935483870968 0.4632437275985663 0.1942293906810036 0.05587813620071676
29 0.40284946236559144 0.5977060931899641 0.1936559139784946 0.11548387096774197
55 0.7562007168458781 0.6051612903225806 0.23935483870967755 0.0923297491039426
28 0.5827419354838709 0.6106272401433691 0.11164874551971318 0.08304659498207875
53 0.5437813620071684 0.8709139784946237 0.1917204301075269 0.0719354838709676
