7 0.08361581920903956 0.5111864406779661 0.12280602636534842 0.15600753295668557
7 0.14090395480225987 0.62030131826742 0.11467043314500944 0.20131826741996242
7 0.04517890772128061 0.6549529190207156 0.0376271186440678 0.12346516007532955
2 0.5431638418079097 0.6889265536723165 0.2059887005649717 0.14363465160075342
2 0.7123728813559322 0.7091337099811676 0.15781544256120522 0.16348399246704326
7 0.08871939736346515 0.6831073446327685 0.1352542372881356 0.41706214689265547
7 0.09314500941619586 0.7255932203389831 0.1432015065913371 0.48169491525423735
2 0.324030131826742 0.7443126177024482 0.1186252354048964 0.21418079096045198
2 0.49856873822975517 0.7892843691148776 0.17919020715630876 0.13060263653484008
7 0.11465160075329567 0.7908286252354049 0.16602636534839924 0.1579284369114878
2 0.6443879472693032 0.8541242937853106 0.17408662900188324 0.18704331450094172
