12 0.6273024691358025 0.1825 0.3014598765432099 0.1873240740740741
12 0.2885864197530864 0.2616111111111111 0.343354938271605 0.17660185185185184
12 0.601783950617284 0.30542592592592593 0.35497839506172835 0.17602777777777778
12 0.24029629629629629 0.37422222222222223 0.41901543209876546 0.17495370370370372
12 0.19814274691358025 0.5178518518518519 0.3962854938271605 0.20387962962962963
12 0.8326913580246913 0.5075555555555555 0.2910617283950616 0.2195555555555556
12 0.6748456790123456 0.6300925925925925 0.3937037037037036 0.20851851851851846
12 0.675932098765432 0.7857222222222221 0.4001265432098766 0.26817592592592593
12 0.18235493827160495 0.8066851851851852 0.3647098765432099 0.23785185185185184
12 0.3815987654320988 0.8596851851851852 0.37023456790123455 0.26959259259259244
