21 0.8073136427566806 0.5115037505860291 0.1976617440225035 0.06076535396155655
62 0.39084036568213787 0.606727613689639 0.1579201828410689 0.1167194092827004
76 0.5528656821378342 0.6293366150961088 0.27806786216596335 0.10282172995780593
45 0.8013888888888888 0.644590951711205 0.2402953586497892 0.11428152836380685
59 0.607049929676512 0.8894631973745898 0.17818213783403652 0.10198370839193623
13 0.7777426160337553 0.9117323019221755 0.1715805203938115 0.10440400843881822
67 0.44166666666666665 0.915617674636662 0.16348452883263007 0.1264797233942804
81 0.667035864978903 0.9560888420065635 0.1191367791842476 0.08782231598687286
81 0.8458333333333334 0.961407788326301 0.1273030942334739 0.07718442334739804
53 0.3871835443037975 0.24029535864978904 0.13776371308016885 0.04503047351148621
22 0.5874120956399437 0.25225621190811065 0.14416315049226439 0.046940928270042134
78 0.3794655414908579 0.475111345522738 0.14315225035161744 0.08635431317393348
26 0.5838255977496484 0.4912330051570558 0.2683544303797467 0.07074542897327707
