23 0.37946127946127944 0.4094155844155844 0.20110329485329484 0.1513257575757576
28 0.5595358345358344 0.4376623376623377 0.13812229437229426 0.08222402597402594
25 0.7201418951418952 0.46298701298701295 0.1466901154401154 0.08887987012987013
86 0.1867905242905243 0.4371753246753247 0.1462902837902838 0.08966450216450218
26 0.6802489177489178 0.5862012987012988 0.24558682058682058 0.07803030303030294
49 0.31009499759499765 0.5647727272727272 0.35435305435305436 0.08528138528138524
24 0.44322991822991825 0.6808441558441558 0.17626262626262626 0.0835497835497836
82 0.7516474266474267 0.7046536796536796 0.09790764790764794 0.07467532467532467
50 0.2596440596440597 0.6880952380952381 0.09714706589706593 0.08152056277056283
44 0.6150733525733525 0.7239718614718615 0.17362012987012995 0.11014610389610374
56 0.6434223184223185 0.8436147186147187 0.08251262626262627 0.13206168831168816
