79 0.7805586114166971 0.2171189341156338 0.16336633663366337 0.09027013812492359
84 0.6015462657376849 0.22652487470969318 0.1563989732306565 0.08527074929715188
27 0.39961496149614967 0.23328443955506664 0.22020535386872023 0.056056716782789354
56 0.39878987898789875 0.38930448600415596 0.10499938882777164 0.12612150103899278
55 0.6470174795257304 0.4819520840972986 0.2819337489304486 0.08784989610072112
28 0.4010817748441511 0.4809558733651143 0.14368659088131044 0.09177362180662497
53 0.8283522796724117 0.4857719105243858 0.13231878743429884 0.07189830094120524
42 0.7585564111966753 0.6255958929226255 0.20529275149737194 0.12191663610805509
23 0.427026035936927 0.6322209998777655 0.1655054394328322 0.09688302163549688
62 0.5554333211098887 0.9047732551032882 0.1735729128468403 0.16126390416819442
29 0.3701259014790368 0.9100048893778269 0.21809680968096803 0.1500488937782669
