29 0.42215858470154 0.15017182130584195 0.22298587247040863 0.10635102456408299
13 0.7790950744558992 0.15863561155657377 0.09381443298969076 0.09413262059310169
13 0.871579483263332 0.17617411225658647 0.08471426753213716 0.07682321496754486
56 0.416647575410462 0.3702812778414153 0.10474735904289163 0.17329769632175132
38 0.5979826905943745 0.4277586865215731 0.12838233422425863 0.10151457299223623
27 0.8289105256459208 0.44754359170166724 0.27548682703321886 0.08136693394425362
55 0.664674812269314 0.5900725467735777 0.24168257604683713 0.09975817742140775
23 0.41503118238513426 0.6058037418862161 0.1539518900343643 0.09502354588265244
55 0.5089665266641211 0.9043718976708667 0.2557846506300115 0.11198930889652524
55 0.7994718085783378 0.9043655339187986 0.22834415171184935 0.11330024182257852
