50 0.53984375 0.5578125 0.0328125 0.025
60 0.42265625 0.5609375 0.051953125 0.040234375
50 0.6296875 0.56328125 0.04765625 0.028125
50 0.5796875 0.56328125 0.04765625 0.0375
60 0.48515625 0.565625 0.061328125 0.03125
47 0.4609375 0.6046875 0.130859375 0.040625
56 0.234375 0.62578125 0.137109375 0.216796875
28 0.565625 0.30234375 0.11171875 0.023828125
86 0.41171875 0.30390625 0.0578125 0.0265625
86 0.38203125 0.32109375 0.060546875 0.03125
86 0.45078125 0.32734375 0.060546875 0.034375
86 0.5 0.33046875 0.044140625 0.0328125
50 0.23203125 0.33203125 0.08125 0.0625
28 0.67890625 0.33359375 0.0859375 0.029296875
86 0.3890625 0.34609375 0.075 0.020703125
86 0.45234375 0.36328125 0.067578125 0.035546875
28 0.50625 0.36484375 0.040625 0.0328125
47 0.66953125 0.41328125 0.0796875 0.016796875
28 0.48515625 0.45 0.053125 0.065625
28 0.6515625 0.47890625 0.11484375 0.034375
