56 0.3916959681200188 0.2640939990623535 0.05959915611814349 0.1432255039849976
73 0.8680555555555555 0.26020276605719644 0.06515764181903441 0.13065518049695266
73 0.7909458509142053 0.2755918893577121 0.07246835443037986 0.09715482887951243
56 0.5916725269573371 0.28171003281762774 0.06751347866854204 0.10340775902484758
64 0.48530825128926397 0.3782641819034224 0.17412095639943748 0.05833040318799818
82 0.6498007501172057 0.5072140178152836 0.019816572902016105 0.014923230192217493
22 0.22975269573370838 0.5150199249882794 0.06729957805907168 0.029465541490858012
82 0.6767463666197844 0.5083977965307078 0.023282934833567834 0.011811415846226064
82 0.6145042194092827 0.5180262541022034 0.02103844350679795 0.016127519924988162
82 0.5923992030004689 0.5199367088607595 0.022550398499765544 0.013777543366150863
82 0.6778891233005157 0.5202531645569619 0.018105368026254166 0.010548523206751174
82 0.6589017815283638 0.520534458509142 0.020827473042662942 0.0090072667604312
23 0.7684774964838257 0.5323663853727144 0.10818389592123775 0.08819444444444434
