39 0.505663082437276 0.5581839904420549 0.1391636798088411 0.13031660692951016
67 0.6322401433691757 0.5995519713261649 0.18821385902031051 0.09832735961768214
18 0.40002389486260453 0.6089605734767025 0.1714307048984469 0.09287634408602138
78 0.5525328554360812 0.8699522102747911 0.17893369175627236 0.10563022700119495
53 0.40103345280764635 0.8933393070489846 0.12875746714456388 0.08485663082437309
21 0.8149103942652329 0.8812425328554362 0.2171356033452808 0.10503285543608135
80 0.3914575866188769 0.1632616487455197 0.11347670250896066 0.13942652329749106
39 0.8246774193548386 0.1658004778972521 0.15017323775388297 0.10979689366786141
82 0.5516129032258065 0.19772998805256867 0.18159199522102745 0.07152031063321389
56 0.6220071684587813 0.3866188769414576 0.11902031063321378 0.16096176821983274
76 0.4368219832735961 0.4459976105137395 0.2895071684587815 0.10368876941457573
33 0.7661887694145759 0.4402628434886499 0.08152927120669053 0.06660692951015533
