31 0.4395745226195053 0.46394976291170065 0.26766948609509156 0.047119697552223484
81 0.8223119313084711 0.6138023836985775 0.20631487889273356 0.1155997693194924
59 0.6335704216327054 0.6083493528130206 0.15880110214020254 0.09155132641291824
28 0.4438357042163271 0.6063116749967962 0.14819620658721003 0.07330193515314619
45 0.8202293989491222 0.9040433166730745 0.17091182878380096 0.17376970396001534
78 0.5700692041522492 0.8954056132256825 0.17685505574778923 0.11277713699859035
23 0.41394335511982566 0.8985774702037677 0.1453287197231834 0.10078175060874019
39 0.8717160066641035 0.16914007433038575 0.18292643854927598 0.12517941817249775
75 0.700563885684993 0.20360117903370498 0.19702358067409978 0.03957131872356783
48 0.8087274125336409 0.4189542483660131 0.07200756119441253 0.11424772523388431
67 0.4870242214532872 0.4230744585415866 0.2068915801614764 0.08454760989363062
33 0.6232538767140844 0.44227220299884656 0.08953287197231834 0.08623285915673462
76 0.7563116749967961 0.4535050621555812 0.3348712033833143 0.08988850442137633
