23 0.3978195937873357 0.2674372759856631 0.1400238948626045 0.10875746714456393
86 0.5592592592592593 0.271505376344086 0.09338410991636799 0.03857526881720424
28 0.5273297491039427 0.3223416965352449 0.11992234169653523 0.05465053763440859
25 0.6640083632019116 0.3239247311827957 0.1152777777777777 0.06255973715651139
72 0.3007467144563919 0.3395161290322581 0.1537037037037037 0.054444444444444406
26 0.6292712066905616 0.4126642771804062 0.18369175627240147 0.057344683393070514
86 0.7960274790919952 0.41013739545997613 0.12078853046594987 0.06634408602150536
50 0.5021505376344085 0.49931302270011946 0.07040023894862606 0.048757467144563846
86 0.7798387096774193 0.49832735961768215 0.12028076463560344 0.0812156511350061
50 0.3093189964157706 0.5388231780167264 0.08461768219832731 0.056018518518518585
56 0.595400238948626 0.6309318996415771 0.09453405017921143 0.1029838709677418
