84 0.7304934327298545 0.06898665838362324 0.08986510472133481 0.13797331676724647
84 0.6381434149804757 0.147006271447166 0.07711217607383744 0.11237427523370018
84 0.6300319488817892 0.23986510472133477 0.08953674121405744 0.14090935983907235
84 0.641018814341498 0.3333274168737428 0.09407170749023788 0.1443320317122234
84 0.7323748668796592 0.44732576026505744 0.1074458643947463 0.1852680156194533
27 0.40353212637557684 0.47712696722281384 0.16509584664536744 0.2273044610105314
84 0.6246716364927227 0.5039107797893739 0.0969559815406461 0.16440362087326957
84 0.7109158679446219 0.5894864513075376 0.08743343982960598 0.17426931724056327
27 0.3473198438054668 0.6123239853271801 0.15188143414980476 0.2616820494616022
84 0.6347177848775294 0.6364690569163413 0.08919062832800839 0.14208673529759788
27 0.5242101526446574 0.64857413323867 0.22937522186723475 0.35574784049224956
84 0.3365459708910188 0.8009466335344929 0.09240326588569399 0.17851141876700988
84 0.4504792332268371 0.8014140338421489 0.10422435214767478 0.19346822861199853
84 0.3662051828186013 0.86873742752337 0.10368299609513669 0.1902526328245177
