63 0.34705387205387206 0.16697330447330447 0.06328162578162576 0.10737133237133237
63 0.2885702260702261 0.17092352092352092 0.062283549783549795 0.08218494468494467
63 0.41104497354497355 0.18673039923039922 0.05162938912938915 0.06807359307359308
78 0.3857443482443482 0.20465367965367964 0.038353775853775834 0.028727753727753706
38 0.9165163540163541 0.23012265512265512 0.03996512746512762 0.027152477152477168
38 0.027753727753727753 0.20295214045214044 0.055507455507455505 0.05200817700817701
38 0.881547619047619 0.2380170755170755 0.028595478595478837 0.026004088504088436
38 0.8465848965848967 0.24509980759980757 0.034295334295334275 0.028607503607503672
50 0.8157287157287159 0.24580928330928328 0.03444564694564695 0.048899711399711464
43 0.3452320827320828 0.3033128908128908 0.054924242424242486 0.07466329966329965
50 0.7258838383838384 0.31865079365079363 0.03287638287638283 0.05615680615680618
82 0.6860750360750361 0.3223424723424723 0.05070346320346323 0.05262746512746511
43 0.30827320827320825 0.36067219817219814 0.0508477633477633 0.0721079846079846
82 0.40558561808561805 0.37573352573352575 0.02873376623376631 0.04467291967291961
82 0.3649591149591149 0.3802128427128427 0.05336099086099088 0.08273208273208268
16 0.4704785954785955 0.3833393458393458 0.09473905723905725 0.08152356902356903
82 0.5856301106301107 0.40136483886483887 0.011525974025973879 0.022252284752284742
82 0.5653198653198652 0.4031986531986532 0.016420153920153793 0.025643338143338155
77 0.6894480519480519 0.41499518999519 0.14796777296777297 0.03684463684463682
50 0.40371572871572875 0.4089646464646465 0.029443241943241934 0.03089826839826835
50 0.5343855218855218 0.4144600769600769 0.043241943241943324 0.031307118807118804
64 0.9156505531505531 0.4566077441077441 0.1636002886002887 0.1752645502645502
69 0.5418049543049542 0.5088564213564213 0.060588023088023225 0.07239658489658483
52 0.16025132275132276 0.5056697931697932 0.15462361712361716 0.16850649350649344
50 0.48977873977873976 0.5178691678691679 0.04180495430495426 0.056421356421356476
56 0.05222462722462722 0.5122113997113997 0.054124579124579124 0.18581649831649846
56 0.012271524771524772 0.5150192400192399 0.024543049543049544 0.20536315536315528
50 0.6995971620971622 0.5792929292929293 0.026232563732563663 0.03567219817219823
69 0.9625781625781625 0.5878968253968253 0.06719576719576716 0.08801106301106311
24 0.5988997113997114 0.5828042328042328 0.07870370370370378 0.10782828282828281
50 0.6538359788359789 0.6193422318422319 0.03196849446849435 0.043145743145743154
67 0.5987554112554113 0.8214886964886965 0.0416185666185667 0.031259018759018625
67 0.5459295334295334 0.8288540163540163 0.027855940355940283 0.03572029822029832
67 0.5666666666666667 0.878992303992304 0.03276815776815782 0.041546416546416574
56 0.8686026936026937 0.8761183261183261 0.06695526695526709 0.24776334776334782
16 0.6817881192881192 0.9010762385762385 0.12712842712842717 0.07193362193362196
67 0.5932840307840307 0.9025132275132275 0.03110870610870595 0.036628186628186614
78 0.4756854256854257 0.11882515632515632 0.02140452140452146 0.0412097162097162
78 0.4472101972101973 0.12691197691197692 0.02801226551226538 0.056824194324194326
78 0.49911616161616157 0.1341329966329966 0.03842592592592596 0.03846801346801344
78 0.4706168831168831 0.14546657046657047 0.02221620971620977 0.04123376623376624
78 0.5208633958633958 0.15750962000962 0.025354737854737824 0.026719576719576758
78 0.43805916305916304 0.1566798941798942 0.034301346801346694 0.029419191919191894
13 0.9696849446849447 0.1764911014911015 0.05911495911495891 0.09264069264069263
