50 0.542332268370607 0.593616140101763 0.03354632587859425 0.02729854455094083
60 0.4225239616613419 0.5905987457105668 0.0531150159744409 0.04388829724292989
50 0.634185303514377 0.6039699443852798 0.048722044728434506 0.03128032185540165
50 0.5830670926517572 0.6013193704886997 0.048722044728434506 0.040864986392142866
60 0.48642172523961663 0.5987042953496627 0.0626996805111821 0.03519997633416155
47 0.46166134185303515 0.6373565258549284 0.13378594249201278 0.04847059519583484
56 0.23003194888178913 0.6469116080937167 0.14017571884984026 0.22891373801916926
28 0.5686900958466453 0.3338007336409892 0.11421725239616613 0.03028339841438882
86 0.41134185303514376 0.3272393799550349 0.05910543130990415 0.030221275588687715
86 0.38099041533546324 0.34323748668796594 0.06190095846645367 0.03515856111702754
86 0.4512779552715655 0.3532718021535913 0.06190095846645367 0.038353449295941276
86 0.5015974440894568 0.3590758490119512 0.04512779552715655 0.035886285646669035
50 0.22763578274760382 0.34646787362442316 0.08306709265175719 0.0682049461602177
28 0.6845047923322684 0.3717548219145663 0.0878594249201278 0.034507750562063656
86 0.38817891373801916 0.36916932907348243 0.07667731629392971 0.02514199503017393
86 0.4528753993610224 0.3900958466453674 0.06908945686900958 0.03992426931724055
28 0.5079872204472844 0.39455094071707486 0.04153354632587859 0.03569991716956581
47 0.6749201277955271 0.4527274878712578 0.08146964856230032 0.021396876109336084
28 0.48642172523961663 0.48049343272985445 0.054313099041533544 0.06990888652230512
28 0.6565495207667732 0.5188675896343629 0.11741214057507987 0.041231806886758995
