75 0.3515086971955982 0.4835463258785943 0.1354898828541001 0.04428470003549868
80 0.7217607383741569 0.599645012424565 0.11780262690805834 0.1395544905928292
39 0.34913028044018457 0.609389421370252 0.13099041533546327 0.13137202697905562
59 0.4761980830670927 0.6166311679091231 0.14369009584664544 0.10323926162584303
82 0.6326233581824636 0.6387291444799432 0.16372026979055723 0.09655662051828189
25 0.72555910543131 0.8644657436989706 0.16375576854810092 0.09735534256301014
21 0.41776712815051475 0.9161519346822862 0.20701987930422433 0.11123535676251312
76 0.5792154774582889 0.9243055555555556 0.2862531061412851 0.1513888888888888
26 0.8000887468938587 0.9428802804401846 0.2041622293219737 0.11423943911963086
80 0.5966098686545971 0.20507632232871847 0.12374866879659217 0.1298544550940717
29 0.7621760738374157 0.23555200567980125 0.2155573304934327 0.0880990415335463
78 0.37566560170394037 0.21996805111821086 0.174929002484913 0.08868477103301382
48 0.36382676606318776 0.4378594249201278 0.059345047923322646 0.10666489172878933
81 0.5312034078807242 0.4731984380546681 0.21784700035498764 0.08580937167199153
67 0.7550585729499468 0.4879304224352148 0.17176073837415692 0.08017394391196304
