86 0.34140625 0.15546875 0.09453125 0.115625
78 0.6859375 0.43515625 0.028125 0.04296875
78 0.7203125 0.4390625 0.03203125 0.040625
64 0.40546875 0.46015625 0.084375 0.07890625
78 0.68828125 0.47265625 0.0453125 0.046875
78 0.72578125 0.48515625 0.0265625 0.04296875
50 0.446875 0.67265625 0.0546875 0.07734375
56 0.8578125 0.703125 0.05 0.265625
56 0.91640625 0.7171875 0.06640625 0.27890625
56 0.975 0.728125 0.04921875 0.2828125
13 0.28125 0.74609375 0.06640625 0.10546875
13 0.3625 0.75078125 0.0703125 0.0890625
13 0.43828125 0.7515625 0.07109375 0.10234375
86 0.24765625 0.134375 0.096875 0.14921875
23 0.703125 0.13671875 0.10546875 0.13984375
23 0.80703125 0.1390625 0.0796875 0.13203125
