62 0.35201342281879194 0.6066306239125032 0.15660576684066616 0.10630126771066378
25 0.5166418095948297 0.6109060402684564 0.1842903305990554 0.106711409395973
28 0.7006649266716382 0.6182513049962715 0.15757208550832716 0.06816119811086256
53 0.7318916231667909 0.9073452647278152 0.0653709917971663 0.04121923937360169
53 0.8279020631369625 0.9185123042505594 0.10238006462838671 0.08746892866020367
82 0.3916853094705444 0.9258140691026596 0.1968214019388516 0.09096445438727327
13 0.6150136713895102 0.9283805617698234 0.10814690529455624 0.11229182202336593
13 0.7666169525229928 0.9462776534924187 0.09656661695252301 0.07522371364653269
29 0.7692890877454637 0.18667660949540144 0.24753914988814313 0.09045799154859556
22 0.32370121799652 0.2176174496644295 0.13862788963460101 0.037273179219487945
75 0.5000497141436739 0.2208799403430276 0.1556425553069849 0.04549154859557545
78 0.34988192890877456 0.44971414367387524 0.14551329853343278 0.09984775043499872
41 0.6833581904051703 0.4590417598806861 0.10962900820283364 0.06325814069102663
33 0.8008824260502113 0.4598185433755903 0.08850981854337554 0.07216940094456879
67 0.5201155853840418 0.47321029082774047 0.16783805617698236 0.07502174993785746
