84 0.7359375 0.1046875 0.08125 0.149609375
84 0.64921875 0.1859375 0.070703125 0.10625
84 0.6453125 0.2765625 0.081640625 0.13359375
84 0.66015625 0.36875 0.0859375 0.13671875
84 0.7546875 0.48515625 0.097265625 0.176171875
27 0.43359375 0.49765625 0.151953125 0.214453125
84 0.6515625 0.53515625 0.087890625 0.15625
84 0.73984375 0.6234375 0.078125 0.16640625
27 0.384375 0.62734375 0.1375 0.248828125
84 0.6671875 0.665625 0.08125 0.134765625
27 0.559375 0.671875 0.209375 0.337109375
84 0.38203125 0.81171875 0.0828125 0.1703125
84 0.49375 0.81796875 0.09375 0.184375
84 0.4140625 0.8796875 0.093359375 0.18125
