28 0.13828125 0.5234375 0.135546875 0.028515625
28 0.13984375 0.61015625 0.140625 0.04375
56 0.86484375 0.62109375 0.055078125 0.079296875
62 0.6765625 0.6296875 0.07109375 0.02734375
28 0.16171875 0.66328125 0.090625 0.0390625
50 0.59296875 0.69140625 0.038671875 0.0265625
50 0.5515625 0.6921875 0.05234375 0.016015625
50 0.50859375 0.69375 0.036328125 0.024609375
50 0.5484375 0.709375 0.07109375 0.025
56 0.79296875 0.7328125 0.05625 0.078515625
38 0.803125 0.30234375 0.07421875 0.029296875
38 0.94609375 0.303125 0.101171875 0.03671875
47 0.50390625 0.3203125 0.126171875 0.01875
86 0.63671875 0.32890625 0.057421875 0.017578125
86 0.6984375 0.3453125 0.062109375 0.01640625
86 0.84921875 0.39453125 0.121875 0.0390625
86 0.946875 0.41015625 0.096484375 0.045703125
55 0.5609375 0.4375 0.09765625 0.022265625
