86 0.365625 0.3046875 0.090234375 0.0375
23 0.2 0.3046875 0.133984375 0.084375
25 0.47265625 0.3515625 0.1 0.046875
28 0.34375 0.35703125 0.116015625 0.0578125
86 0.61328125 0.440625 0.101953125 0.059375
26 0.45703125 0.44609375 0.18125 0.0484375
86 0.61171875 0.52421875 0.114453125 0.0734375
50 0.34296875 0.52734375 0.076953125 0.0546875
82 0.51796875 0.54921875 0.064453125 0.0484375
44 0.42265625 0.559375 0.1125 0.05625
50 0.16171875 0.57265625 0.064453125 0.0640625
56 0.46328125 0.65234375 0.076953125 0.1046875
24 0.54609375 0.75703125 0.120703125 0.0734375
49 0.68125 0.84921875 0.058984375 0.1203125
56 0.746875 0.92265625 0.084765625 0.1234375
