79 0.8411458333333334 0.18352623456790124 0.18229166666666666 0.11496913580246915
84 0.6501736111111112 0.1800218621399177 0.1684027777777778 0.11240997942386831
56 0.8446180555555556 0.3885931069958848 0.10243055555555555 0.16926440329218106
38 0.4244791666666667 0.4296682098765432 0.1684027777777778 0.08289609053497947
55 0.7065972222222222 0.45246270576131686 0.19791666666666666 0.11068672839506179
29 0.4800347222222222 0.5831340020576131 0.19618055555555555 0.12100051440329235
55 0.6814236111111112 0.612429269547325 0.21006944444444445 0.1183513374485597
23 0.8732638888888888 0.6237975823045266 0.1736111111111111 0.09535751028806574
42 0.8003472222222222 0.8269418724279836 0.2222222222222222 0.1694187242798352
62 0.6258680555555556 0.8851787551440329 0.171875 0.16817129629629632
58 0.4314236111111111 0.9369084362139917 0.1996527777777778 0.1261831275720166
