23 0.41096079846079847 0.3496272246272246 0.20416967291967286 0.14539742664742658
28 0.591636604136604 0.35918710918710917 0.13974567099567087 0.07814754689754694
25 0.7527837902837903 0.36784511784511786 0.14844877344877347 0.08455086580086586
86 0.2197931697931698 0.3973364598364598 0.14806697931697935 0.08534752284752285
26 0.717550505050505 0.4950998075998076 0.24695767195767193 0.0707671957671958
49 0.347516835016835 0.5120550745550746 0.3557239057239057 0.07479557479557489
24 0.48462000962000956 0.6142376142376142 0.17785894660894663 0.07834295334295331
82 0.7931577681577682 0.6060606060606061 0.09942279942279955 0.07178932178932171
50 0.3017556517556517 0.6405122655122655 0.09881553631553633 0.0786586099086099
44 0.6576358826358826 0.639520202020202 0.17581168831168822 0.1050234487734488
56 0.6903439153439153 0.7561327561327561 0.08532647907647911 0.12964466089466084
