56 0.7467045320080464 0.7760620044965093 0.09610696958939773 0.17060702875399372
56 0.7984084723701337 0.9328903384214885 0.14413383031593874 0.13421932315702306
86 0.21919299491184474 0.25900485149686425 0.09291503964027924 0.015965566205182767
86 0.2406697432256538 0.2720624778132766 0.10055910543130989 0.0374630221275589
86 0.5220151461365519 0.30337238196663113 0.1122234055141403 0.06633534492959407
86 0.3209738492486096 0.2969293574724885 0.07379895870311208 0.08305525973257602
86 0.2436871376168501 0.2961069695893977 0.10032244704768664 0.033469411903916724
86 0.2641817536386227 0.31946515205301146 0.09437936338894798 0.033957519820139635
86 0.5812803218554018 0.3494438527984854 0.1179505383978229 0.05548455804046861
86 0.10120695775647852 0.337291444799432 0.07822151224707136 0.043471186841793824
86 0.21415808780026033 0.34872204472843454 0.08502248254644426 0.07089693527393211
86 0.29093006744763933 0.3542953496627618 0.07031120577446458 0.057791977280795215
38 0.9084368713761685 0.3879067565968524 0.15375991006981413 0.12900544314282333
50 0.9515915276298663 0.46252514495326 0.09681694474026747 0.11156076203999524
84 0.393829132647024 0.47827476038338657 0.07018400189326703 0.03548988285410015
50 0.9251804520175125 0.6435806413442197 0.09740563246953006 0.07830730091113466
