36 0.5322040072859745 0.17333333333333334 0.16536429872495453 0.03390710382513662
28 0.23030965391621128 0.26169398907103825 0.13566484517304195 0.03683060109289622
86 0.5873770491803278 0.24939890710382512 0.07737704918032795 0.04928961748633879
83 0.26610200364298725 0.30863387978142076 0.11585610200364298 0.07841530054644814
57 0.1793624772313297 0.3177049180327869 0.06586520947176684 0.08448087431693985
28 0.43896174863387977 0.313551912568306 0.16932604735883425 0.05868852459016386
18 0.28896174863387974 0.3975409836065574 0.19357012750455374 0.03415300546448084
52 0.7353734061930783 0.3792896174863388 0.1960018214936248 0.07967213114754101
82 0.5609471766848817 0.4131147540983607 0.11919854280510037 0.03409836065573763
82 0.26881602914389796 0.49918032786885247 0.10948087431693984 0.04530054644808742
63 0.5815664845173042 0.6550819672131148 0.07701275045537356 0.04109289617486329
50 0.7879781420765026 0.6750273224043716 0.05971766848816015 0.028907103825136598
50 0.6504553734061932 0.6883060109289617 0.053069216757741414 0.026420765027322417
