50 0.09382716049382717 0.23522376543209875 0.14114583333333333 0.06664094650205765
50 0.16263503086419753 0.28269675925925924 0.10704089506172841 0.05435313786008224
86 0.3735918209876543 0.27731481481481485 0.14967206790123455 0.09899048353909458
50 0.05771604938271605 0.29101723251028805 0.10347222222222224 0.04990997942386836
56 0.9311149691358024 0.28324331275720166 0.13777006172839515 0.2125514403292181
23 0.7835841049382716 0.3164158950617284 0.1657021604938272 0.1567193930041152
86 0.381616512345679 0.3648083847736625 0.17880015432098764 0.08250385802469139
58 0.06604938271604938 0.4705761316872429 0.11219135802469135 0.051903292181069816
24 0.1941358024691358 0.52758487654321 0.19317129629629626 0.14365354938271618
13 0.34564043209876544 0.5439429012345679 0.12710262345679013 0.09832175925925925
64 0.05563271604938272 0.5881494341563785 0.0863425925925926 0.05981224279835394
86 0.3160108024691358 0.03178530092592593 0.14716435185185184 0.06357060185185186
50 0.5866512345679014 0.9137860082304528 0.09386574074074064 0.04702289094650228
50 0.4253472222222222 0.925514403292181 0.11483410493827151 0.05371656378600815
50 0.6788194444444444 0.9180041152263373 0.08792438271604928 0.05291923868312725
13 0.770871913580247 0.917013888888889 0.09560185185185174 0.04707433127572042
13 0.9771604938271605 0.90971579218107 0.045679012345679046 0.052301954732510265
86 0.31730324074074073 0.0896219135802469 0.14619984567901234 0.0598508230452675
