75 0.5429889953851615 0.42923322683706067 0.15465921192758245 0.04853567625133119
59 0.40094071707490236 0.567678381256656 0.2040379836705715 0.10239616613418534
62 0.33130990415335465 0.8575079872204472 0.13832978345757896 0.11115548455804071
22 0.49984025559105427 0.846272630457934 0.12744053958111473 0.07220447284345055
46 0.7316471423500177 0.8348242811501598 0.2260472133475329 0.11381789137380191
48 0.4538871139510117 0.1547923322683706 0.06771388001419955 0.10804046858359956
78 0.29849130280440184 0.17316293929712462 0.14897053603123886 0.09076144834930777
82 0.558501952431665 0.1654419595314164 0.16695065672701465 0.08320021299254528
18 0.6945331913383032 0.16198083067092653 0.1298278310259141 0.06320553780617678
28 0.6927760028399006 0.3928115015974441 0.08774405395811133 0.0659744408945687
