75 0.2675800800800801 0.46238113113113116 0.1444725975975976 0.04787600100100103
80 0.6465840840840841 0.588013013013013 0.12878503503503508 0.1484453203203202
39 0.24924924924924924 0.595389139139139 0.14245495495495503 0.13989927427427426
59 0.3834146646646646 0.6040415415415415 0.15498310810810811 0.11026026026026024
82 0.5469219219219219 0.6286286286286287 0.17592592592592593 0.10335335335335341
25 0.6173673673673674 0.8679804804804805 0.17598848848848855 0.10419794794794801
21 0.28368993993993996 0.9202014514514514 0.22211273773773776 0.11920983483483498
76 0.4541103603603604 0.9244744744744745 0.30713526026026033 0.15105105105105104
26 0.6864677177177178 0.9451373248248247 0.21932870370370372 0.10972535035035062
80 0.5630943443443444 0.16993868868868872 0.13475975975975985 0.13823823823823825
29 0.7352665165165165 0.20345345345345348 0.23040227727727727 0.09481981981981981
78 0.32635760760760757 0.18394644644644645 0.1875156406406406 0.09512012012012015
48 0.2864114114114114 0.41418293293293296 0.06601914414414421 0.11321946946946951
81 0.4598973973973974 0.45285285285285287 0.23274837337337342 0.09241741741741741
67 0.6960085085085086 0.47018268268268265 0.18390265265265276 0.08609859859859856
