75 0.29405655655655655 0.4490177677677678 0.1420701951951952 0.04158846346346358
80 0.6793168168168169 0.5574574574574575 0.12035160160160165 0.143190065065065
39 0.2836336336336336 0.5824011511511511 0.134572072072072 0.1340058808808808
59 0.4178991491491492 0.585085085085085 0.14890202702702698 0.10370995995996002
82 0.5823573573573574 0.6023523523523524 0.1703203203203203 0.09584584584584588
25 0.6667167167167167 0.8378003003003003 0.1703328328328328 0.09669044044044067
21 0.33714339339339344 0.9046233733733734 0.21570633133133127 0.10969406906906903
76 0.507713963963964 0.908420920920921 0.29825137637637633 0.15210835835835831
26 0.7406719219219219 0.9202827827827827 0.21244682182182176 0.11769269269269264
80 0.5714026526526527 0.1444507007007007 0.12695195195195197 0.1326826826826827
29 0.7450262762762763 0.17023273273273273 0.22547234734734747 0.08485360360360363
78 0.33621746746746745 0.1688938938938939 0.1824355605605605 0.08706831831831834
48 0.309984984984985 0.4001438938938939 0.059487612612612664 0.11064814814814815
81 0.48522272272272265 0.431006006006006 0.22796859359359348 0.08233858858858853
67 0.7216341341341341 0.4378253253253253 0.17934809809809804 0.07817817817817817
