56 0.42295081967213116 0.138287795992714 0.13887067395264116 0.17668488160291437
38 0.8614754098360655 0.20238615664845172 0.1364298724954462 0.08491803278688527
27 0.699216757741348 0.20681238615664846 0.1545719489981785 0.05092896174863387
13 0.5320947176684881 0.41564663023679416 0.2322040072859744 0.06575591985428056
55 0.7548633879781421 0.44351548269581065 0.19941712204007278 0.06502732240437172
55 0.5152094717668488 0.460327868852459 0.2766120218579235 0.07001821493624771
29 0.4702185792349726 0.5926047358834244 0.177304189435337 0.12021857923497274
55 0.8486703096539162 0.5973224043715847 0.22426229508196713 0.10816029143897994
28 0.656448087431694 0.6106193078324226 0.1107832422586521 0.09744990892531878
53 0.6894899817850638 0.87408014571949 0.09978142076502733 0.0710018214936248
