26 0.5906972408650261 0.4595016157096694 0.12179965200099431 0.03995463584389758
25 0.5933072334079045 0.5476758637832463 0.16477131493910016 0.056941337310464836
78 0.35443077305493415 0.5609246830723341 0.16032811334824756 0.0728063634103902
33 0.7447178722346508 0.58433383047477 0.07724335073328367 0.059417723092219765
59 0.6067611235396471 0.5923626646781008 0.22177168779517764 0.1018052448421575
75 0.3631928908774546 0.6189721600795426 0.18246644295302014 0.04798036291324876
41 0.7952398707432264 0.6253728560775541 0.13780139199602295 0.06450720855083268
56 0.6432388764603529 0.8312888391747453 0.1115461098682576 0.17060340541884167
22 0.4775043499875715 0.8414243102162565 0.11271128511061387 0.054912378821774764
80 0.7434128759632115 0.8462030822769078 0.11305306984837193 0.12073701217996544
67 0.3374968928660204 0.8594954014417101 0.15543437733035054 0.09914553815560534
18 0.5231792194879442 0.9000186428038776 0.2031444195873727 0.09691772309221942
29 0.7282500621426796 0.9375800086999752 0.23399826000497156 0.12483998260004975
53 0.2916045239870743 0.9427541635595326 0.16891933880188914 0.08970295799154873
47 0.4978871488938603 0.9662689535172755 0.2107879691772308 0.06746209296544894
76 0.2994655729555058 0.11859308973402934 0.1949881928908774 0.1936396967437236
62 0.6502609992542878 0.14309594829729058 0.12740802883420338 0.055549341287596324
80 0.77345886154611 0.14827864777529207 0.10828361918965931 0.13911260253542135
48 0.8268704946557295 0.15662440964454388 0.08137583892617449 0.12571774794929158
81 0.6415610241113597 0.1740243599304002 0.3046855580412628 0.08794121302510567
82 0.449229430773055 0.17705070842654735 0.17120308227690764 0.060809719115088236
39 0.4740243599304002 0.3914615958240119 0.15360116828237635 0.1402032065622669
45 0.7565249813571961 0.40152249565001247 0.19744282873477495 0.16936055182699475
39 0.6095886154610988 0.402703206562267 0.15830847626149638 0.09751118568232664
13 0.3503293562018394 0.4223651503852846 0.1928908774546358 0.057777156350981816
28 0.3734464330101914 0.43278026348496146 0.1456469052945563 0.061269574944071564
26 0.7196122296793438 0.4463025105642555 0.1348651503852845 0.07578299776286347
