29 0.40908768193113243 0.15730682759436754 0.20944266950656723 0.10796355460892204
13 0.7398946870192876 0.15044373446929357 0.08913738019169322 0.0912791385634836
13 0.8244468110282807 0.1629511300437818 0.08032185540172761 0.07483138090166842
56 0.38730327771861317 0.3624423145189919 0.10093480061531176 0.16523488344574608
38 0.5513371198674712 0.4084605372145308 0.12141758371790322 0.09956218199029705
27 0.7642764169920719 0.4173411430599929 0.25772097976570807 0.08693645722399715
55 0.6009762158324459 0.5568098449887587 0.22668323275352034 0.10261507513903674
23 0.36796828777659446 0.5817654715418294 0.14504792332268382 0.09459235593420906
55 0.4325878594249202 0.8558336291563128 0.24004259850905216 0.11455449059282943
55 0.7023488344574607 0.843829132647024 0.21456632351201027 0.11463732102709745
