28 0.3872441933458883 0.23343377275580668 0.07153170119271812 0.04442247332077845
13 0.20626490897677335 0.25689265536723166 0.06629315756434401 0.08175768989328315
50 0.5572881355932203 0.24203389830508476 0.048753923414940385 0.06083804143126177
13 0.4701255492780917 0.251443816698054 0.05270558694287501 0.06572504708097927
28 0.38927181418706847 0.27321406151914623 0.09800062774639046 0.038377275580665365
13 0.26076585059635904 0.319880728185813 0.06982109227871942 0.08661958568738229
13 0.19556183301946015 0.3254425612052731 0.06186126804770872 0.10349026993094788
52 0.4410483364720653 0.4161644695543001 0.09624921531701197 0.12202448210922791
13 0.6754488386691777 0.5338606403013182 0.04526051475204016 0.04286566227244208
13 0.7220590081607031 0.531098556183302 0.052407407407407444 0.06993722536095424
13 0.6079535467671061 0.5480477087256748 0.05390144381669793 0.06325800376647829
26 0.40720652856246076 0.5633396107972378 0.02398618957940993 0.038644067796610095
26 0.4268236032642812 0.5664218455743879 0.019488386691776566 0.04387633396107981
26 0.48043942247332083 0.5708851224105461 0.020910232266164636 0.049036409290646725
26 0.45853107344632765 0.5764281230382926 0.02598870056497162 0.07767733835530442
26 0.44435028248587566 0.5849089767733835 0.020225988700565075 0.054494664155681216
26 0.39011299435028246 0.5881230382925298 0.015480225988700552 0.0656340238543629
26 0.3664344005021971 0.5912241054613936 0.03180163214061526 0.04545197740112984
13 0.6580351537978657 0.5764908976773383 0.05101067168863773 0.06562460765850597
26 0.40823603264281233 0.5980853735091023 0.021629001883239185 0.030467671060891415
26 0.49724419334588826 0.5936597614563716 0.022159447583176495 0.06264595103578154
13 0.7193283113622096 0.5821971123666039 0.05014752040175766 0.05076898932831135
26 0.4246641556811048 0.6081481481481481 0.01963590709353423 0.034579409918393075
26 0.3739422473320778 0.615398618957941 0.019833647206528592 0.02697740112994363
82 0.7289265536723164 0.7055743879472693 0.048640929064657806 0.05702448210922778
85 0.5080225988700565 0.7568675455116134 0.052611424984306494 0.091098556183302
82 0.6311299435028249 0.7572128060263654 0.0442686754551161 0.06649403640929072
43 0.39386691776522287 0.772121782799749 0.06200564971751419 0.07981167608286265
43 0.45236660389202765 0.769504080351538 0.05699623352165718 0.08205273069679857
82 0.7117890772128059 0.7575266792215944 0.049990583804143264 0.07402385436283736
82 0.6694664155681105 0.7617325800376648 0.035605775266792226 0.05963590709353427
82 0.7457627118644068 0.758060263653484 0.025586942875078407 0.06411801632140611
