62 0.565566037735849 0.6172664803167948 0.14774633123689732 0.11131493128348476
53 0.7359189378057303 0.6371185651059865 0.1690426275331935 0.08022361984626139
21 0.39140461215932915 0.6271255532261821 0.1476939203354297 0.07361984626135565
76 0.6186233403214535 0.886047053342651 0.12776030747728848 0.20136850687165134
45 0.4383123689727463 0.9247088283251805 0.21041229909154452 0.13969252271139063
39 0.5075821104122991 0.2160027952480783 0.12886093640810617 0.10955043093407868
67 0.7178022361984626 0.24815397158164454 0.19645352900069865 0.0769333799208013
38 0.3772187281621244 0.23836477987421384 0.12064989517819709 0.058082925692988605
28 0.5900069881201956 0.4737130211972979 0.09944095038434674 0.05776846028418359
22 0.36319007686932214 0.480054740274866 0.11650943396226418 0.04844514325646404
