28 0.34939890710382515 0.28032786885245903 0.07005160898603528 0.0389344262295082
13 0.17335154826958105 0.29262295081967216 0.06579538554948394 0.07540983606557378
50 0.5123982999392835 0.2983606557377049 0.04840315725561621 0.05614754098360656
13 0.42775956284153005 0.30245901639344264 0.05232544019429255 0.060655737704918035
28 0.34822100789313903 0.3188524590163934 0.09548876745598062 0.03155737704918033
13 0.220856102003643 0.35655737704918034 0.06930783242258651 0.07991803278688525
13 0.15765634486945962 0.3581967213114754 0.06198239222829385 0.09672131147540984
52 0.3868123861566485 0.4598360655737705 0.09559805707346686 0.11270491803278689
13 0.6031754705525197 0.5868852459016394 0.044641772920461516 0.0389344262295082
13 0.6482574377656345 0.5868852459016394 0.052128111718275624 0.06475409836065574
13 0.5370916818457802 0.5967213114754099 0.05342744383727997 0.05819672131147541
26 0.34265938069216756 0.6 0.024001214329083177 0.036065573770491806
26 0.3612993321190042 0.6040983606557377 0.01976927747419549 0.04139344262295082
26 0.4125561627200971 0.6114754098360655 0.021253794778384943 0.046311475409836066
26 0.3910321797207043 0.6155737704918033 0.026775956284152976 0.07377049180327869
26 0.37671523982999394 0.6229508196721312 0.02071038251366119 0.051639344262295085
26 0.3242562234365513 0.6229508196721312 0.01636612021857926 0.06270491803278688
26 0.30122040072859746 0.6245901639344262 0.03169702489374622 0.04221311475409836
13 0.5830601092896174 0.6270491803278688 0.05068609593199765 0.060655737704918035
26 0.3409168184578021 0.6336065573770492 0.02154826958105647 0.028278688524590163
26 0.4269398907103825 0.6344262295081967 0.022753491196114223 0.05942622950819672
13 0.6416089860352155 0.6360655737704918 0.0495324833029752 0.046311475409836066
26 0.3559380692167577 0.6442622950819672 0.01971159684274437 0.03237704918032787
26 0.3065452337583485 0.648360655737705 0.01973891924711593 0.025
82 0.6411414693381906 0.7557377049180328 0.04821190042501511 0.05245901639344262
85 0.424474802671524 0.7926229508196722 0.052780813600485706 0.08524590163934426
82 0.5429447480267152 0.8 0.04419247115968417 0.061885245901639345
43 0.3133940497874924 0.8008196721311476 0.061612021857923464 0.07377049180327869
43 0.3699089253187614 0.8016393442622951 0.05682149362477229 0.07622950819672131
82 0.6205585913782635 0.8049180327868852 0.04988160291438966 0.06885245901639345
82 0.5794899817850637 0.8065573770491803 0.03567698846387377 0.05573770491803279
82 0.6532179720704311 0.8073770491803278 0.02609593199757142 0.060655737704918035
