4 0.4442831541218638 0.4436200716845879 0.13176821983273593 0.07967741935483885
4 0.5633811230585424 0.4842293906810035 0.1292652329749103 0.0739605734767026
4 0.46491636798088404 0.5304838709677419 0.13322580645161294 0.06924133811230586
4 0.5717741935483871 0.5610573476702508 0.10042413381123065 0.08600358422939064
4 0.4698685782556751 0.5927001194743131 0.10030465949820785 0.07793906810035856
4 0.5559020310633214 0.6323297491039427 0.1204659498207885 0.0785364396654718
4 0.48649342891278374 0.681057347670251 0.127915173237754 0.09165471923536445
4 0.5380645161290323 0.7341756272401433 0.12608721624850652 0.07709080047789726
4 0.6789127837514934 0.7738172043010753 0.12058542413381129 0.08660095579450407
4 0.7505973715651135 0.8243070489844684 0.14491039426523297 0.09618876941457595
