86 0.3590909090909091 0.1731934731934732 0.10864413364413365 0.13642191142191146
78 0.7515345765345764 0.5118298368298368 0.032536907536907494 0.05017482517482526
78 0.7900932400932401 0.5187645687645688 0.036849261849261856 0.04784382284382286
64 0.4383449883449883 0.5188811188811189 0.09636752136752134 0.09458041958041961
78 0.7550893550893552 0.553962703962704 0.051864801864801996 0.05582750582750593
78 0.7973581973581974 0.5707459207459207 0.030788655788655743 0.050058275058275044
50 0.489957264957265 0.7597319347319347 0.06311188811188795 0.09061771561771569
56 0.9505050505050505 0.8244755244755244 0.06254856254856264 0.3009324009324009
56 0.9876651126651127 0.8423659673659675 0.024669774669774627 0.3152680652680651
13 0.3064685314685315 0.8295454545454546 0.07692307692307693 0.12296037296037303
13 0.3974941724941725 0.8408508158508158 0.08088578088578086 0.1048951048951049
13 0.48230380730380734 0.8473776223776225 0.08209013209013202 0.11981351981351976
86 0.2536713286713287 0.1425990675990676 0.11210178710178707 0.17418414918414918
23 0.7633449883449883 0.1791958041958042 0.12148407148407137 0.16433566433566432
23 0.8796620046620047 0.18956876456876456 0.09244366744366757 0.15367132867132863
