2 0.8038395061728395 0.4117654320987654 0.14552777777777767 0.07232407407407417
2 0.6271851851851852 0.41212345679012347 0.1772469135802468 0.07964197530864207
2 0.4155864197530864 0.4197222222222222 0.11552469135802464 0.0716851851851852
2 0.9546851851851852 0.42372839506172844 0.09062962962962956 0.10402469135802467
2 0.2381172839506173 0.4225740740740741 0.15408333333333332 0.10238580246913585
2 0.03156172839506173 0.4360432098765432 0.05727160493827161 0.08208641975308638
2 0.0890925925925926 0.44063580246913586 0.1324043209876543 0.10055864197530866
2 0.3602222222222222 0.482641975308642 0.19081790123456793 0.11182407407407406
2 0.14946296296296296 0.49108024691358027 0.15748148148148147 0.11116049382716046
2 0.8303580246913579 0.5044567901234568 0.15064506172839515 0.08819444444444458
2 0.5453827160493827 0.505679012345679 0.1838055555555555 0.06510802469135797
