26 0.637575075075075 0.5135698198198198 0.12404592092092098 0.04650900900900896
25 0.6369181681681682 0.6026463963963964 0.16791791791791788 0.06582207207207212
78 0.3958020520520521 0.6035472972972973 0.164039039039039 0.0815315315315315
33 0.7880693193193193 0.6475225225225225 0.07993931431431442 0.06373873873873877
59 0.648805055055055 0.6484234234234234 0.2269456956956957 0.11387950450450464
75 0.4024649649649649 0.6625563063063064 0.18538851351351351 0.05774211711711722
41 0.8374311811811811 0.691554054054054 0.1410629379379381 0.07201576576576595
56 0.6766453953953954 0.8913288288288288 0.11860297797797793 0.17725225225225236
22 0.5093218218218218 0.8929054054054053 0.1154592092092092 0.06106418918918934
80 0.7769957457457457 0.9115990990990992 0.11825888388388385 0.127224099099099
67 0.3676176176176176 0.9038288288288289 0.16009759759759767 0.10774211711711706
18 0.5531468968968969 0.950197072072072 0.20802052052052034 0.09960585585585591
29 0.757882882882883 0.9663288288288288 0.23823823823823828 0.06734234234234254
53 0.31756756756756754 0.9679617117117116 0.17179679679679677 0.06407657657657669
47 0.5258383383383384 0.990259009009009 0.21333833833833835 0.019481981981981932
76 0.35691941941941946 0.1545045045045045 0.20342217217217207 0.20475788288288282
62 0.7093656156156156 0.19752252252252253 0.13027089589589602 0.062471846846846875
80 0.8332707707707708 0.20917792792792791 0.11414539539539549 0.1454391891891892
48 0.8867617617617617 0.22038288288288288 0.08657094594594594 0.13057432432432434
81 0.6994494494494494 0.22826576576576577 0.3098567317317318 0.10427927927927931
82 0.5055993493493492 0.22128378378378377 0.17453390890890902 0.07004504504504509
39 0.522585085085085 0.4388513513513514 0.1597847847847848 0.14890202702702698
45 0.8067755255255254 0.46373873873873867 0.2049862362362364 0.1804898648648647
39 0.6587212212212211 0.4572635135135135 0.16292855355355354 0.10624999999999996
13 0.39683433433433435 0.4635698198198198 0.1962431181181182 0.0681306306306307
28 0.4197322322322322 0.4752815315315315 0.1488363363363363 0.06917229729729737
26 0.7679241741741741 0.506981981981982 0.13852915415415432 0.08319256756756757
