39 0.4864864864864865 0.5012387387387388 0.14477289789789785 0.14059684684684687
67 0.6186936936936936 0.5407094594594595 0.1964057807807808 0.10867117117117105
18 0.375487987987988 0.5577702702702703 0.1788663663663664 0.10244932432432428
78 0.5331456456456456 0.8268018018018017 0.18662725225225227 0.11601914414414405
53 0.37434309309309316 0.8560247747747748 0.13422484984984984 0.09273648648648664
21 0.8077702702702703 0.830518018018018 0.2266516516516517 0.11658220720720718
80 0.36996996996997 0.09054054054054053 0.11779279279279282 0.14932432432432433
39 0.823536036036036 0.07978603603603604 0.15646584084084078 0.11948198198198196
82 0.5373873873873873 0.12173423423423423 0.1896771771771772 0.08043355855855858
56 0.6096283783783784 0.3176801801801802 0.12343280780780795 0.17201576576576583
76 0.41527777777777775 0.38569819819819817 0.30247747747747755 0.11742680180180178
33 0.7601726726726727 0.369481981981982 0.084891141141141 0.07218468468468471
