8 0.7733217592592593 0.6015817901234568 0.15231481481481485 0.12753343621399182
12 0.43234953703703705 0.6403870884773663 0.14751157407407403 0.15944573045267496
8 0.6579861111111112 0.6980645576131688 0.14826388888888886 0.10575488683127571
8 0.3133680555555556 0.7996013374485597 0.13871527777777773 0.10547196502057608
8 0.3434027777777778 0.11507201646090534 0.1593171296296296 0.10261702674897119
12 0.5083912037037037 0.17628600823045268 0.15879629629629635 0.1077996399176955
12 0.27824074074074073 0.2074588477366255 0.14479166666666662 0.11864711934156376
8 0.7357638888888889 0.20781893004115226 0.14861111111111114 0.09796810699588478
12 0.20781249999999998 0.31217849794238683 0.17123842592592592 0.12549511316872428
12 0.704224537037037 0.3218235596707819 0.18894675925925933 0.1312178497942386
8 0.46660879629629626 0.37148276748971193 0.15098379629629635 0.08157793209876542
12 0.6077546296296297 0.4142682613168724 0.1888310185185185 0.0904963991769547
8 0.8501157407407408 0.4618827160493828 0.13258101851851853 0.13041409465020593
12 0.8659143518518518 0.5423032407407408 0.19855324074074096 0.1193737139917695
