39 0.46083303751035387 0.5793397231096912 0.13996864276417004 0.11804815998106734
59 0.3850136078570583 0.6181221157259497 0.16648917287894924 0.1126493906046621
26 0.7571884984025559 0.6543012661223524 0.17855875044373454 0.0831854218435689
75 0.5510294639687611 0.6490651993846881 0.1274701218790676 0.049787007454739206
78 0.4708318542184357 0.8924387646432375 0.17042361850668566 0.11119985800496979
53 0.32002129925452605 0.904449177612117 0.12526624068157607 0.08719382321618768
21 0.7279907703230387 0.924358064134422 0.2145160336054905 0.10645189918352861
39 0.802922731037747 0.21849485268015617 0.12541415217134064 0.11272334634954438
45 0.40196426458407286 0.22523961661341854 0.2589634362797302 0.06821677907939887
56 0.5892497929239142 0.41613418530351437 0.1164063424446812 0.14947935155602896
76 0.40527748195479824 0.4597089101881434 0.2427227547035854 0.0927405040823571
82 0.5547864158087801 0.4828422671873151 0.19654478759910074 0.07348242811501597
46 0.7439947935155603 0.4922494379363389 0.19905928292509759 0.06599810673293097
