23 0.4091020265548567 0.2943745632424878 0.13044491031912428 0.1050663871418588
86 0.5672490100163056 0.306533892382949 0.08896168180759373 0.036949685534591194
28 0.5404553924994177 0.35466457023060793 0.11394712322385275 0.05243710691823903
25 0.6741847193105055 0.36313766596785463 0.10895352900069886 0.060185185185185175
72 0.32048101560680176 0.3599930118798043 0.14694852084789195 0.05199161425576519
26 0.6479385045422782 0.4482180293501048 0.17606568832983924 0.05460342417889585
86 0.8107092941998602 0.45419287211740045 0.11411600279524808 0.06383647798742142
50 0.5312136035406475 0.5265723270440251 0.06592709061262521 0.04704751921733053
86 0.8025448404379222 0.5396750524109015 0.11275914279058924 0.07834556254367576
50 0.3461681807593758 0.5554682040531097 0.07939086885627765 0.05402690426275328
56 0.6337875611460517 0.6600978336827393 0.08635569531795946 0.0997641509433963
