29 0.8348415425735013 0.6052246404480082 0.23079419625811393 0.11408298332696944
82 0.6235586101565483 0.6187603410971109 0.17923825887743403 0.11098065419371268
22 0.41601756395570827 0.6458635611556574 0.1371706758304697 0.052163675703194606
76 0.8764986636120656 0.8542128038691613 0.17804505536464288 0.2117474863179332
59 0.7415807560137457 0.8981926944126257 0.1689862542955325 0.11302341860761109
47 0.46399389079801456 0.9469899452717322 0.19893088965253922 0.07038309787450696
28 0.6371134020618557 0.18370879470535828 0.09357579228713249 0.05977154130075092
41 0.782397861779305 0.1804760086547028 0.11621802214585725 0.055367824869543045
53 0.8839824360442917 0.1846697212676594 0.1406739213440245 0.055348733613338426
48 0.8189767086674303 0.3944635357006491 0.07007445589919811 0.08343833524245899
25 0.43965253913707525 0.432194221713122 0.20754104620084002 0.09099529082346956
45 0.8610729285987018 0.43098510882016033 0.2118652157311951 0.11181430571464941
26 0.6835051546391753 0.452233676975945 0.20939289805269187 0.0777905052819142
81 0.4395952653684612 0.4683212422044037 0.2837724322260405 0.10395825378643259