26 0.6234375 0.47421875 0.112109375 0.035546875
25 0.62890625 0.55625 0.1515625 0.05078125
78 0.40703125 0.571875 0.146875 0.065625
33 0.77109375 0.58828125 0.069921875 0.054296875
59 0.64296875 0.59765625 0.203125 0.091796875
75 0.4171875 0.62578125 0.168359375 0.0421875
41 0.81953125 0.62578125 0.126171875 0.058203125
56 0.68515625 0.81953125 0.098046875 0.157421875
22 0.53125 0.83125 0.103125 0.049609375
80 0.77890625 0.83203125 0.101171875 0.1109375
67 0.4015625 0.85 0.14140625 0.090234375
18 0.57578125 0.88515625 0.1859375 0.0875
29 0.76796875 0.91796875 0.213671875 0.114453125
53 0.36171875 0.928125 0.154296875 0.08125
47 0.55546875 0.95234375 0.19375 0.067578125
76 0.340625 0.1609375 0.175 0.177734375
62 0.66796875 0.17890625 0.116796875 0.05
80 0.7828125 0.18203125 0.09609375 0.128125
48 0.8328125 0.1890625 0.071484375 0.116015625
81 0.6609375 0.2078125 0.280859375 0.077734375
82 0.48203125 0.21328125 0.157421875 0.054296875
39 0.5125 0.4125 0.13828125 0.128515625
45 0.77578125 0.41796875 0.178125 0.155078125
39 0.6390625 0.42109375 0.144140625 0.088671875
13 0.3984375 0.44296875 0.177734375 0.051171875
28 0.4203125 0.45234375 0.13359375 0.055078125
26 0.74296875 0.46015625 0.123046875 0.06875