25 0.5653915160835576 0.49444444444444446 0.17530116621812133 0.07024541842880942
78 0.3209022170959887 0.5278803024477765 0.17877739331026535 0.08810713828014856
80 0.7485902857875176 0.5094258618480072 0.13755927207484317 0.1653306420607459
59 0.5812828399333589 0.5357042163270538 0.2306164295783673 0.11357170319108026
22 0.35399846212995 0.5810393438421121 0.16854094579008078 0.07199794950659989
56 0.6979687299756504 0.7742470844546969 0.10878828655645273 0.18386518005895167
56 0.6062732282455466 0.779680891964629 0.11912085095476098 0.1896450083301295
75 0.47930283224400877 0.8311290529283608 0.13558887607330525 0.06315519671921047
29 0.7052095347943098 0.8857811098295527 0.2367679097782904 0.1501089324618735
67 0.45142893758810715 0.9051262334999359 0.19889785979751373 0.1388216070742021
18 0.25304370114058694 0.9323849801358453 0.2113289760348584 0.10898372420863789
76 0.32311290529283604 0.09109316929386134 0.2813020633089838 0.146719210560041
62 0.7887030629245161 0.08417275406894785 0.15143214148404469 0.10844867358708189
26 0.4259579648853005 0.12117134435473537 0.24663590926566703 0.07404203511469949
82 0.6292451621171344 0.10912469562988594 0.17900166602588743 0.07950788158400614
39 0.6005062155581187 0.34595027553505064 0.18630654876329622 0.11998910675381258
13 0.32638087914904523 0.3725297962322184 0.1728662053056516 0.0722542611815968
41 0.4693707548378829 0.3838651800589517 0.1081955658080226 0.06540753556324488
28 0.3541906958861976 0.3924131744200948 0.15473215429962842 0.07161027809816736