80 0.77265625 0.56484375 0.108203125 0.1359375
39 0.35625 0.58359375 0.140234375 0.110546875
18 0.53671875 0.59453125 0.176171875 0.078125
41 0.71171875 0.621875 0.1140625 0.065625
56 0.66328125 0.81875 0.0953125 0.158984375
33 0.3578125 0.86796875 0.071875 0.067578125
48 0.37734375 0.890625 0.058203125 0.10703125
28 0.61796875 0.9125 0.134375 0.0875
82 0.76171875 0.215625 0.198828125 0.06328125
22 0.52265625 0.2234375 0.136328125 0.0375
59 0.56484375 0.446875 0.154296875 0.106640625
78 0.38671875 0.44921875 0.14375 0.079296875
81 0.79375 0.45234375 0.121484375 0.0703125
81 0.68515625 0.45546875 0.082421875 0.057421875