25 0.670777027027027 0.6400462962962963 0.18473160660660656 0.09123185685685702
80 0.8467154654654655 0.658377127127127 0.13263888888888872 0.15850225225225212
18 0.46925675675675677 0.6477727727727728 0.2158314564564565 0.08563250750750753
59 0.7177177177177178 0.6637262262262263 0.19926801801801808 0.09978728728728739
22 0.5605292792792792 0.6916604104104104 0.12915728228228227 0.05879316816816834
56 0.8168543543543544 0.9095970970970971 0.11157094594594587 0.1788194444444444
56 0.7214151651651651 0.9060623123123124 0.10518018018018016 0.17605105105105096
45 0.43537912912912907 0.9391227164664665 0.22369557057057043 0.12175456706706705
75 0.6061936936936937 0.9617117117117118 0.11751126126126116 0.06637887887887889
67 0.8577139639639639 0.9839839839839839 0.21077327327327336 0.03203203203203218
47 0.6089339339339339 0.9962462462462464 0.21171171171171177 0.007507507507507337
62 0.8348536036036036 0.23851976976976977 0.13857920420420403 0.10302489989989994
76 0.38808183183183176 0.2228165665665666 0.28277965465465466 0.09823886386386384
26 0.4898460960960961 0.24515140140140138 0.2345720720720721 0.07451201201201196
82 0.6849474474474474 0.2523773773773774 0.17256006006006008 0.07516891891891891
78 0.38973348348348347 0.4870182682682682 0.14939001501501498 0.09583020520520527
28 0.7675863363363364 0.5153591091091091 0.1600319069069068 0.06204642142142149
41 0.6342905405405406 0.5171734234234233 0.10950638138138138 0.06692630130130142