68 0.770087363110619 0.2059800664451827 0.16340593084779143 0.10631229235880399
38 0.5177187153931341 0.20930232558139536 0.20241171403962102 0.08305647840531562
28 0.5676141257536607 0.457641196013289 0.16020671834625325 0.06478405315614617
55 0.7539990156269226 0.46677740863787376 0.21342438784299256 0.0664451827242525
60 0.3605574012550756 0.473421926910299 0.144026085886551 0.07641196013289037
62 0.7570136581764488 0.5930232558139535 0.16814322628276107 0.09966777408637874
42 0.39956318444690536 0.6071428571428571 0.20013535129814197 0.11129568106312292
53 0.6183401008982404 0.6162790697674418 0.06773717238833526 0.07973421926910298
53 0.544973544973545 0.6312292358803987 0.06189245724129441 0.05647840531561462
55 0.7480004921865387 0.9102990033222591 0.28103851359665316 0.14285714285714285
76 0.4806509166974283 0.9352159468438538 0.29881875230712446 0.12956810631229235