56 0.37308201058201057 0.13852813852813853 0.13625541125541127 0.1636363636363636
23 0.5175745550745551 0.18966450216450217 0.1366642616642617 0.06792929292929291
38 0.8143638768638769 0.19280303030303034 0.15280182780182777 0.06504329004329004
27 0.6607383357383357 0.203517316017316 0.13441558441558435 0.04678932178932179
13 0.45846560846560847 0.4051226551226551 0.252020202020202 0.07373737373737373
55 0.7009860509860509 0.4329906204906205 0.17472342472342461 0.09310966810966802
55 0.4678872053872054 0.443037518037518 0.2570346320346321 0.0787157287157288
29 0.3975769600769601 0.5711399711399711 0.18312890812890817 0.10303030303030308
55 0.7704485329485329 0.5798881673881674 0.22528860028860037 0.1023448773448774
28 0.5963143338143337 0.5983585858585859 0.09484126984126984 0.07997835497835495
53 0.563864838864839 0.8448593073593073 0.1518037518037519 0.08611111111111117