25 0.6090984875550792 0.5686078361319519 0.15917589615338812 0.05704418244611177
78 0.3830832440157199 0.5879659402167441 0.16130760986066459 0.0735381683934739
80 0.7809455758008813 0.5914493271406455 0.11804811242110268 0.14757056091461238
59 0.6264916041443374 0.6078659044896987 0.20808622126950102 0.0947838513754912
22 0.4172680719304514 0.639156841729189 0.15275991425509108 0.05900619268786474
56 0.7501964987495535 0.8360366797665834 0.09005299511730386 0.16625282839109198
56 0.6649874955341194 0.8366678575681791 0.09933309515303075 0.1711444563534596
75 0.5497320471596999 0.8785161367154937 0.12256758366083119 0.052352030487078705
29 0.7639275931880434 0.935607955222103 0.2114802905799688 0.11892342503274976
67 0.5275634155055376 0.9413778730498986 0.17605097058473257 0.11062284149100882
18 0.3449803501250447 0.9571989996427295 0.19030606168869826 0.08179111587471719
76 0.3579671311182565 0.1806180778849589 0.2533107062045969 0.12325235203048711
62 0.7919078242229367 0.19669524830296534 0.13453018935334052 0.09383708467309755
26 0.4557877813504823 0.21365368584018102 0.22549124687388358 0.05713350005954503
82 0.6446945337620579 0.21225437656305826 0.16205192330594262 0.06550553769203282
39 0.6326187924258664 0.43178516136715495 0.16634810051208765 0.10291473145170901
13 0.3785280457306181 0.4433130880076218 0.15677920685959268 0.0590359652256758
41 0.5126354650470406 0.4608074312254376 0.09687090627605088 0.055778849589139
28 0.40571037275217336 0.4632070977730142 0.139901155174467 0.059312849827319235