29 0.41640625 0.2078125 0.1734375 0.09375
13 0.8203125 0.20859375 0.103125 0.0953125
13 0.74765625 0.22109375 0.1046875 0.0671875
60 0.65703125 0.225 0.1515625 0.071875
56 0.3796875 0.40625 0.096875 0.16875
38 0.57265625 0.45859375 0.1046875 0.0734375
27 0.7453125 0.465625 0.190625 0.065625
84 0.42109375 0.603125 0.1296875 0.071875
55 0.73125 0.60390625 0.278125 0.0734375
56 0.59921875 0.8046875 0.0921875 0.15625
55 0.45234375 0.8671875 0.1671875 0.115625
55 0.753125 0.88359375 0.16875 0.1203125