80 0.8629179526748971 0.5131172839506173 0.1224633487654323 0.1537133487654321
39 0.40055298353909463 0.5442322530864198 0.15763567386831273 0.12629243827160508
18 0.6012538580246913 0.551929012345679 0.19703253600823029 0.09115547839506159
41 0.7961484053497941 0.5779899691358025 0.12781635802469143 0.07573302469135809
56 0.7455697016460906 0.7979359567901234 0.10851980452674898 0.17900270061728404
33 0.4069701646090535 0.8601658950617285 0.08097350823045267 0.07686149691358028
48 0.42904449588477367 0.8848572530864198 0.06643197016460907 0.12036072530864199
28 0.6967656893004115 0.903221450617284 0.15074588477366252 0.10054012345679
82 0.8450167181069959 0.125366512345679 0.22196180555555559 0.0752218364197531
22 0.5795203189300412 0.13994984567901236 0.15209297839506183 0.04503279320987651
59 0.6300733024691358 0.3871720679012346 0.17319637345679023 0.1222993827160494
78 0.4321952160493827 0.3941743827160493 0.16102752057613165 0.09165702160493833
81 0.8845036008230452 0.3875964506172839 0.13614004629629622 0.08112461419753084
81 0.7638953189300411 0.39375000000000004 0.0925250771604939 0.06583719135802468