84 0.5687587904360056 0.21879981247069855 0.08273558368495078 0.09296765119549935
68 0.43192686357243315 0.21835443037974683 0.16638537271448667 0.08471636193155177
56 0.7515119549929676 0.39945499296765125 0.10562587904360043 0.12652367557430844
28 0.8162974683544303 0.4676394749179559 0.1549578059071731 0.06872948898265355
38 0.40731364275668075 0.46316221284575715 0.12819971870604785 0.07466010314111585
55 0.6267229254571026 0.4782759024847633 0.1770745428973276 0.06747538677918416
29 0.5518108298171589 0.5950070323488045 0.27591420534458505 0.10215658696671354
55 0.8149789029535864 0.6218413033286451 0.2249648382559777 0.08716596343178615
42 0.6717827004219409 0.833257149554618 0.17296061884669484 0.09588607594936695
23 0.40661040787623065 0.8941807313642758 0.14606188466947964 0.09548757618377861
58 0.7305379746835444 0.9147972339428037 0.17612517580872014 0.09593295827473032
76 0.48447609001406466 0.3765178152836381 0.2923435302391 0.09409575714955462