62 0.3687707641196013 0.6411037283130306 0.15199335548172757 0.11424880029531201
25 0.53156146179402 0.6598068167835609 0.17940199335548174 0.11627906976744186
28 0.7134551495016611 0.6832472006890611 0.15406976744186046 0.07661191091423661
53 0.7358803986710963 0.9714531807555062 0.06353820598006645 0.044573643410852966
53 0.8305647840531561 0.9723491140642305 0.09883720930232558 0.05530177187153906
82 0.39867109634551495 0.9545188876584226 0.19227574750830564 0.0909622246831547
13 0.6196013289036545 0.9616402116402116 0.10382059800664452 0.07671957671957677
13 0.7691029900332226 0.9864725606004676 0.09343853820598007 0.027054878799064704
29 0.7940199335548173 0.2631352282515073 0.2425249169435216 0.10392826381198468
22 0.3521594684385382 0.25449120216562077 0.1362126245847176 0.04497354497354498
75 0.526578073089701 0.2732250522948197 0.15282392026578073 0.05409437676879532
78 0.3712624584717608 0.4859726836471022 0.14119601328903655 0.10721976128952874
41 0.7009966777408638 0.5245170419589024 0.10672757475083057 0.06895225790574643
33 0.8172757475083057 0.5356220007382798 0.08554817275747509 0.07651962593823053
67 0.5390365448504983 0.5241479020548788 0.16403654485049834 0.08399470899470894