62 0.371875 0.58671875 0.14296875 0.096875
25 0.525 0.59296875 0.16875 0.096875
28 0.69609375 0.60234375 0.144921875 0.061328125
53 0.7171875 0.871875 0.059765625 0.0375
53 0.80625 0.88359375 0.09296875 0.080078125
82 0.4 0.884375 0.180859375 0.08203125
13 0.6078125 0.88984375 0.09765625 0.103125
13 0.7484375 0.90859375 0.087890625 0.06875
29 0.771875 0.2015625 0.228125 0.080859375
22 0.35625 0.22421875 0.128125 0.0328125
75 0.5203125 0.2296875 0.14375 0.040234375
78 0.37421875 0.440625 0.1328125 0.091015625
41 0.684375 0.45390625 0.100390625 0.057421875
33 0.79375 0.45625 0.08046875 0.066015625
67 0.53203125 0.46484375 0.154296875 0.067578125