68 0.7661495911495911 0.17469937469937472 0.16123136123136128 0.1131313131313131
38 0.5192279942279943 0.19256854256854256 0.19901394901394903 0.09271284271284272
28 0.5464165464165465 0.43290644540644546 0.15750360750360753 0.07245069745069734
55 0.7277717652717652 0.43106060606060603 0.20953583453583463 0.07715247715247728
60 0.34269480519480516 0.46035353535353535 0.1418590668590669 0.0828523328523329
62 0.7197510822510823 0.5545334295334295 0.16576479076479073 0.10692640692640694
42 0.3691979316979317 0.5890632515632516 0.19719817219817226 0.12011784511784511
53 0.5822089947089947 0.5853415103415104 0.06735209235209243 0.0816738816738817
53 0.5092111592111591 0.6042328042328042 0.06130351130351137 0.058658008658008645
55 0.6833814333814333 0.8658008658008657 0.2767195767195766 0.15557960557960573
76 0.4198593073593073 0.9073112073112074 0.2940716690716691 0.14689754689754717