75 0.3375 0.46796875 0.130859375 0.0375
80 0.6953125 0.565625 0.109375 0.131640625
39 0.3296875 0.59140625 0.12265625 0.123046875
59 0.45390625 0.59296875 0.136328125 0.094921875
82 0.60625 0.6078125 0.15625 0.0875
25 0.6875 0.825 0.15625 0.08828125
21 0.38359375 0.8890625 0.198046875 0.1
76 0.54140625 0.89140625 0.273828125 0.138671875
26 0.75703125 0.90078125 0.194921875 0.107421875
80 0.58984375 0.184375 0.115625 0.121875
29 0.75078125 0.20703125 0.207421875 0.076953125
78 0.37265625 0.20859375 0.167578125 0.079296875
48 0.3515625 0.42265625 0.053515625 0.101953125
81 0.5140625 0.45 0.209765625 0.074609375
67 0.7328125 0.4546875 0.16484375 0.07109375