25 0.63125 0.57421875 0.169140625 0.078125
80 0.79375 0.58515625 0.11953125 0.1421875
18 0.44453125 0.58828125 0.198046875 0.071875
59 0.67421875 0.59453125 0.182421875 0.085546875
22 0.528125 0.62578125 0.118359375 0.05
56 0.7609375 0.81875 0.099609375 0.16171875
56 0.67265625 0.81875 0.09375 0.159375
45 0.40703125 0.865625 0.204296875 0.11796875
75 0.56484375 0.87421875 0.107421875 0.057421875
67 0.79765625 0.93125 0.192578125 0.112109375
47 0.56640625 0.9515625 0.1953125 0.090625
62 0.79140625 0.196875 0.126171875 0.090625
76 0.378125 0.19765625 0.259765625 0.08125
26 0.471875 0.21484375 0.215625 0.0609375
82 0.65234375 0.21484375 0.158203125 0.063671875
78 0.37421875 0.4421875 0.136328125 0.08359375
28 0.7234375 0.45546875 0.146875 0.051953125
41 0.6 0.46171875 0.1 0.058203125