29 0.7493650793650793 0.5943503821281599 0.21320987654320983 0.09600823045267488
82 0.5540740740740742 0.5981775426219871 0.1655820105820105 0.09525867136978254
22 0.36167548500881835 0.6146796002351559 0.1267195767195768 0.04259847148736053
76 0.7779012345679013 0.8456848912404468 0.1665432098765432 0.22778365667254546
59 0.6513932980599647 0.8609053497942386 0.15611111111111114 0.09756907701352147
47 0.39405643738977075 0.9072486772486772 0.1851234567901235 0.08191358024691331
28 0.5844091710758378 0.1972251616696061 0.08644620811287496 0.05142563198118754
41 0.7184479717813052 0.20019988242210468 0.10736331569664907 0.04642269253380364
53 0.8119047619047619 0.20823633156966492 0.1299559082892417 0.04539976484420928
48 0.7433862433862435 0.39918871252204585 0.06473544973544969 0.07427689594356267
25 0.39222222222222225 0.4184538506760729 0.1917283950617284 0.07561434450323347
45 0.7806878306878307 0.434620811287478 0.19572310405643736 0.09468841857730753
26 0.6161552028218695 0.4469488536155203 0.19343915343915327 0.0633274544385656
81 0.3906878306878307 0.4517930629041741 0.26215167548500884 0.08446796002351567