21 0.7837652348834457 0.505591054313099 0.19804165187551775 0.059886403975860925
62 0.35629511300437816 0.6048810791622293 0.15617974204236187 0.1166932907348242
76 0.5190214175837179 0.6264998225062123 0.2780824754466927 0.10175718849840262
45 0.7697846408709028 0.6400425985090521 0.2395456159034433 0.11361377351792694
59 0.5582948763459945 0.8888001419950302 0.17710921784404224 0.10165956691515801
13 0.7298189563365283 0.9100106496272632 0.17036149568098455 0.10415335463258757
67 0.38924387646432373 0.9164536741214058 0.16151343036327057 0.12650869719559799
81 0.6147852325168619 0.9558683883564075 0.11756892675423035 0.08826322328718489
81 0.7952964146254881 0.9605852857649982 0.12590817654715422 0.07882942847000347
53 0.3745651402200923 0.2348420305289315 0.1379481718139865 0.0444444444444444
22 0.5766181516980239 0.2454206602768903 0.14436161401017641 0.0463258785942492
78 0.352668323275352 0.4720447284345048 0.14215773281268493 0.08613773517926872
26 0.55865578038102 0.4867944621938232 0.2692225772097976 0.06943556975505862