46 0.3999278499278499 0.6225108225108225 0.19954004329004324 0.0801677489177489
30 0.7821608946608947 0.6512445887445887 0.22199675324675325 0.08774350649350642
21 0.630429292929293 0.931331168831169 0.22188852813852825 0.11934523809523807
45 0.392478354978355 0.9211580086580088 0.22301587301587306 0.1336038961038964
31 0.7860209235209235 0.9524891774891775 0.136273448773449 0.09502164502164498
48 0.8372655122655123 0.220021645021645 0.07380952380952385 0.11190476190476191
78 0.3936868686868687 0.20833333333333331 0.16351911976911973 0.08222402597402594
33 0.7458152958152958 0.23831168831168834 0.09186507936507929 0.06731601731601737
28 0.5833333333333333 0.23398268398268396 0.10464466089466089 0.0588474025974026
29 0.799025974025974 0.4775974025974026 0.2155753968253967 0.10879329004329003
23 0.5926767676767676 0.471969696969697 0.1866973304473303 0.06755952380952382
38 0.42040043290043294 0.46942640692640686 0.1696248196248195 0.06520562770562782