28 0.6801099734546833 0.5899127796738718 0.16660978384527872 0.06635381114903298
67 0.3981987106560485 0.5913348502085704 0.2135001896094046 0.08572241183162688
82 0.812191884717482 0.6159082290481608 0.1657091391733031 0.07485779294653017
80 0.7313424345847555 0.8592339780053091 0.12475350777398568 0.15066363291619264
76 0.3209518392112249 0.8689040576412591 0.16598407281001135 0.24406522563519134
25 0.4012135001896094 0.15838073568448993 0.18161736822146382 0.08757110352673492
81 0.8037163443306787 0.172449753507774 0.22484831247629894 0.08213879408418656
80 0.7656238149412211 0.39537353052711416 0.13555176336746314 0.1347080015168753
59 0.36824042472506635 0.4198521046643913 0.16157565415244587 0.07774933636708384
33 0.5181835419036784 0.4283086841107319 0.08676526355707241 0.07267728479332577
38 0.6519150549867274 0.43640500568828217 0.11829730754645446 0.0533466059916571