79 0.7802287581699346 0.17220406681190994 0.16830065359477125 0.11158315177923021
84 0.5964052287581699 0.17874001452432825 0.16339869281045752 0.109840232389252
56 0.41013071895424835 0.34954611474219316 0.09803921568627451 0.15413943355119833
55 0.6560457516339869 0.4306826434277415 0.19117647058823528 0.10392156862745101
38 0.39705882352941174 0.44297385620915036 0.13071895424836602 0.1123819898329703
29 0.4444444444444444 0.5710058097312999 0.18627450980392157 0.11361655773420475
55 0.6331699346405228 0.5913217138707335 0.16830065359477125 0.10014524328249819
23 0.8325163398692811 0.5868917937545389 0.19117647058823528 0.10065359477124168
42 0.7434640522875817 0.7898511256354394 0.22549019607843138 0.1602396514161219
62 0.43790849673202614 0.8579157588961511 0.1830065359477124 0.16092955700798828
58 0.5980392156862745 0.8731481481481481 0.18627450980392157 0.13976034858387795