29 0.75234375 0.603125 0.2078125 0.09296875
82 0.56015625 0.60546875 0.1609375 0.092578125
22 0.37109375 0.6203125 0.123828125 0.041015625
76 0.7859375 0.85078125 0.158984375 0.223046875
59 0.66171875 0.86484375 0.1515625 0.094921875
47 0.409375 0.90859375 0.18046875 0.079296875
28 0.58125 0.2109375 0.083984375 0.05
41 0.71328125 0.21484375 0.1046875 0.044921875
53 0.80546875 0.2234375 0.126953125 0.04375
48 0.7421875 0.4109375 0.062109375 0.07265625
25 0.396875 0.42734375 0.187109375 0.073046875
45 0.7796875 0.44609375 0.190625 0.091796875
26 0.61796875 0.45703125 0.1890625 0.0609375
81 0.39609375 0.46015625 0.25625 0.08125