29 0.4072504708097928 0.17787193973634652 0.1919020715630886 0.10866290018832392
13 0.8453546767106089 0.16249215317011928 0.11569365976145653 0.10753295668549907
13 0.7660389202762083 0.17897049591964848 0.11625863151286883 0.07708725674827373
60 0.6675768989328311 0.18684871311989953 0.16729441305712492 0.08405524168236035
56 0.35944758317639675 0.39460138104205894 0.11186440677966102 0.18694287507846832
38 0.5666666666666667 0.44362837413684875 0.11650973006905214 0.08386691776522293
27 0.7536723163841809 0.4443188951663528 0.2094161958568738 0.07884494664155674
84 0.3964532328939108 0.606497175141243 0.14356559949780287 0.08317639673571887
55 0.7328625235404896 0.5948838669177652 0.3046453232893909 0.09083490269930951
56 0.5815756434400502 0.817984934086629 0.10627746390458254 0.17319522912743257
55 0.41974262397991213 0.8916823603264281 0.18600125549278096 0.13214061519146278
55 0.7453546767106088 0.8973948524795982 0.18788449466415566 0.13728813559322034