13 0.39609375 0.59609375 0.17421875 0.0671875
78 0.571875 0.60078125 0.121875 0.0671875
30 0.75546875 0.61171875 0.1625 0.0359375
25 0.74609375 0.86796875 0.1671875 0.11015625
23 0.57265625 0.87890625 0.153125 0.0765625
45 0.40078125 0.88828125 0.18828125 0.10703125
76 0.79765625 0.1625 0.1390625 0.16953125
38 0.66875 0.21640625 0.11875 0.034375
82 0.45234375 0.21875 0.21171875 0.0546875
48 0.534375 0.4140625 0.059375 0.08515625
80 0.40625 0.4171875 0.1140625 0.13203125
62 0.7625 0.4296875 0.1671875 0.08828125
81 0.58984375 0.45234375 0.21875 0.071875