28 0.6796237131700391 0.5765412377233463 0.15639865104721337 0.06097799077032303
67 0.41567270145544905 0.5876345994556857 0.2004200686309312 0.07878949236776708
82 0.803106141285055 0.5962607975387528 0.15561472015146152 0.06894746183883553
80 0.7257247662998462 0.8264643237486688 0.11780854336764884 0.14021713406697445
76 0.34142705005324814 0.8497160099396521 0.157046503372382 0.2273932079043899
25 0.42149449769258074 0.1829073482428115 0.17059223760501713 0.08074192403265883
81 0.7982428115015975 0.18211454265767366 0.21101644775766176 0.07535498757543485
80 0.7610341971364335 0.39177020470950186 0.12780440184593525 0.12520115962607972
59 0.3888119749142113 0.4284108389539699 0.15176606318778849 0.07168382439947937
33 0.5291385634836114 0.4311205774464561 0.08171222340551425 0.06745355579221396
38 0.6542894332031712 0.4340551414033842 0.11109040350254418 0.049133238669979894