56 0.39555089680875843 0.14919636617749824 0.14097367808059624 0.18225017470300486
23 0.5378756114605171 0.19793850454227813 0.12066154204518988 0.08392732354996509
38 0.8107675285348241 0.19210342417889587 0.13180759375727927 0.09385045422781269
27 0.6732704402515723 0.20372117400419287 0.13904029815979502 0.05174703004891682
13 0.4897332867458653 0.39989517819706494 0.23825995807127878 0.06715583508036338
55 0.4708013044491032 0.44951083158630334 0.24621476822734686 0.07379454926624747
55 0.7090088516189145 0.43892382948986725 0.18785231772653163 0.0586303284416492
29 0.43727579781038894 0.5760831586303284 0.18556953179594693 0.11666666666666674
55 0.7826228744467738 0.5756813417190776 0.230817610062893 0.09510831586303274
28 0.613621010948055 0.5847658979734451 0.10651059864896346 0.08329839273235497
53 0.5906417423713022 0.8390985324947589 0.1849406009783369 0.07421383647798749