28 0.7145620022753129 0.5771836683099482 0.16800341296928337 0.06392681076981419
67 0.4324800910125142 0.5869485526482113 0.21530147895335602 0.08261281759575263
82 0.8461319681456201 0.5992352420680066 0.16729237770193398 0.07244975350777393
80 0.7598407281001137 0.8446340538490709 0.1280432309442548 0.14891290608014165
76 0.34903299203640503 0.8664391353811149 0.17133105802047777 0.2417646315257236
25 0.44510807736063707 0.15447478194918465 0.18347554038680317 0.08493553280242704
81 0.8474971558589306 0.15661104790797625 0.22656427758816836 0.07885855138414866
80 0.8044368600682593 0.3803691063076729 0.13848122866894214 0.13278662621666035
59 0.40631399317406147 0.41657818227784094 0.16322525597269621 0.07540450006320315
33 0.5561433447098976 0.42058526102894706 0.08833902161547211 0.07143850334976616
38 0.6897610921501707 0.4247124257363165 0.11942548350398183 0.05162748072304387