39 0.5362903225806451 0.6308542413381123 0.18215352449223424 0.13660394265232978
82 0.6789725209080048 0.6422341696535245 0.15819892473118266 0.09472819593787342
76 0.33013739545997606 0.6334229390681003 0.28517025089605735 0.10894563918757469
21 0.29907407407407405 0.9214157706093191 0.19870071684587814 0.11096176821983275
75 0.46490442054958186 0.9377538829151733 0.1347520908004779 0.07053464755077665
28 0.6778076463560335 0.9535244922341697 0.11742831541218654 0.08569295101553155
80 0.31305256869773 0.18536439665471924 0.13191457586618882 0.15132915173237754
80 0.57057945041816 0.2117383512544803 0.13181003584229384 0.13367682198327366
26 0.6134707287933094 0.24572879330943848 0.31848864994026277 0.09858124253285545
13 0.42700119474313025 0.2343488649940263 0.17298387096774193 0.07777777777777779
33 0.763231780167264 0.26006571087216246 0.08632019115890077 0.06093189964157705
59 0.6663082437275986 0.48479689366786144 0.21329151732377524 0.10763142174432504
29 0.3093787335722819 0.4648446833930705 0.22265531660692953 0.1095280764635603