62 0.3581958195819582 0.5987104265982154 0.15402151326243732 0.11013934726806027
25 0.5201075663121868 0.5969258036914802 0.18124923603471474 0.1115511551155114
28 0.7010939982887178 0.5974575235301308 0.15497188607749665 0.07270504828260611
53 0.7318054027624984 0.8809558733651143 0.0642922625595893 0.0428767876787679
53 0.8262315120400928 0.8884549566067719 0.10069062461801728 0.08966202175773154
82 0.3972130546387972 0.9115267082263782 0.19357352401906855 0.09653770932648816
13 0.6168561300574501 0.9059222588925558 0.1063623028969563 0.11425864808703115
13 0.7659577068817993 0.9180234690135681 0.09497310842195314 0.07742024202420217
29 0.7685857474636353 0.17004033736707005 0.24345434543454342 0.09788839995110622
22 0.33035081285906365 0.21672778388950004 0.13634030069673642 0.04166972252780829
75 0.5037892678156705 0.21351912969074685 0.15307419630851982 0.050363647475858676
78 0.3560994988387728 0.444291651387361 0.14311208898667646 0.10339506172839504
41 0.6840728517296174 0.4413335778022246 0.10781994866153294 0.06614105855029939
33 0.799657743552133 0.43781933748930446 0.08704926048160368 0.0741260237134825
67 0.5235240190685735 0.46122723383449454 0.1650684512895734 0.07981909302041308