62 0.41111111111111115 0.5844529169692568 0.15551319293149354 0.10573710965867829
25 0.5716291454853546 0.5862442507867345 0.18247397724521902 0.10653594771241838
28 0.7511316872427984 0.5907467925441782 0.1553528201404019 0.06862442507867349
53 0.7898934882595013 0.8719559428709757 0.06482389251997095 0.04106753812636146
53 0.8837569595739531 0.8814512224642945 0.10218470104091006 0.08662248850157316
82 0.45896877269426295 0.8948559670781894 0.19421750181554098 0.09138828370854533
13 0.6766279351246671 0.8941358024691359 0.10851488743645595 0.11086903897361394
13 0.8248487049140644 0.9093863471314453 0.09617223432582915 0.07461873638344202
29 0.8055434519486807 0.169281045751634 0.24357298474945524 0.09162732994432342
22 0.37230694747034615 0.20585209392398937 0.1360203340595497 0.038283708545146455
75 0.5442144759138223 0.20648753328491892 0.1528201404018397 0.04652929072863715
78 0.40450859356088115 0.43160251755023 0.1445291696925684 0.09929496489954
41 0.729678044057129 0.43588114258048893 0.10854212055192453 0.06315964657467932
33 0.8442023723069476 0.4349431130476883 0.0882413459210844 0.07152929072863726
67 0.5710421205519245 0.45203945775841203 0.16554405712902442 0.07545085935608802