25 0.6268804887361589 0.5570510372915871 0.17276950490008897 0.06473526791396197
78 0.3864515718467608 0.5831042382588775 0.1758304696449027 0.08241058928344147
80 0.8120656739213441 0.5773768613974799 0.13312969326715038 0.16049064528445975
59 0.6479635993381697 0.5985872470408552 0.22681685121547665 0.10622374952271874
22 0.4262441135293369 0.6369924907725594 0.16600801832760598 0.06667939417080324
56 0.7946799032709686 0.8394616265750287 0.10410780196003572 0.179788723431335
56 0.7036146111747485 0.8421598574519537 0.1142548046328116 0.18523609520173087
75 0.5830342369861271 0.8896143566246659 0.13343515336642478 0.05885197912689317
29 0.8148657248313607 0.9300687285223367 0.22998599974544992 0.10117093038055221
67 0.5625111365661194 0.941848033600611 0.19173984981545122 0.09145984472444965
18 0.3682957871961309 0.9630902380043272 0.2056001018200331 0.060990199821815035
76 0.3337978872343133 0.1484281532391498 0.2764859361079292 0.13771795850833654
62 0.7987845233549701 0.15530100547282677 0.1481863306605576 0.10346506300114548
26 0.4404798269059437 0.18140511645666285 0.24362352042764415 0.06640575283186968
82 0.6423698612702049 0.17542318951253658 0.176244113529337 0.07384497899961814
39 0.6433626065928472 0.4102901870943108 0.18261104747359047 0.11392070764923005
13 0.372419498536337 0.42864324805905557 0.17030355097365407 0.06680666921216753
41 0.5169148529973272 0.44415171184930635 0.10614420262186598 0.06190339824360452
28 0.40274277714140255 0.4492554410080183 0.15228458699249076 0.06670166730304188