13 0.7005119453924915 0.26755151055492354 0.10068259385665529 0.09225129566426493
13 0.8054607508532423 0.27811275439261784 0.10921501706484642 0.08928074832511697
60 0.5691126279863481 0.277803059031728 0.1348122866894198 0.0735431677411199
56 0.7755972696245734 0.47792946530147895 0.09726962457337884 0.163746681835419
56 0.3395904436860068 0.46470736948552643 0.09897610921501707 0.196258374415371
38 0.7380546075085325 0.5442421944128428 0.10409556313993173 0.0685374794589812
27 0.5307167235494881 0.5403172797370749 0.1945392491467577 0.07664012135001884
84 0.37372013651877134 0.6533371255214259 0.15017064846416384 0.10164328150676272
62 0.7465870307167235 0.677790418404753 0.14505119453924914 0.1320945518897737
55 0.5546075085324232 0.6908734673239793 0.21160409556313994 0.10653520414612565
29 0.4308873720136519 0.9460434837567944 0.28498293515358364 0.10791303248641126
55 0.7465870307167235 0.959600556187587 0.19965870307167236 0.08079888762482608