21 0.7757381507381508 0.40646853146853146 0.21632349132349127 0.055944055944055944
62 0.31078736078736074 0.5358391608391608 0.17003367003367 0.1201923076923077
76 0.4892255892255892 0.5515734265734266 0.3036098161098161 0.0979020979020979
45 0.7637205387205387 0.5541958041958042 0.2613247863247863 0.11276223776223776
59 0.5385392385392385 0.8365384615384616 0.19306850556850563 0.10270979020979021
13 0.7265863765863766 0.8513986013986014 0.1856610981610983 0.10576923076923077
67 0.3543835793835794 0.875 0.17579318829318832 0.13068181818181818
81 0.602033152033152 0.9117132867132867 0.12792670292670288 0.10008741258741259
81 0.7995855995855996 0.9117132867132867 0.1370791245791245 0.09659090909090909
53 0.32176897176897173 0.13024475524475523 0.1506604506604507 0.04195804195804196
22 0.5429357679357679 0.131993006993007 0.15766640766640772 0.043706293706293704
78 0.3035936285936286 0.39073426573426573 0.15493071743071735 0.08741258741258741
26 0.5291634291634292 0.3968531468531469 0.29417249417249414 0.06293706293706294