26 0.6144361614010176 0.45663826766063187 0.1151550112412732 0.038888888888888876
25 0.6187847592000947 0.5403798367057153 0.1557212164240919 0.0553603123890664
78 0.39171104011359603 0.561395101171459 0.15115370962016336 0.07042953496627612
33 0.763667021654242 0.5698970536031239 0.07230801088628566 0.057099751508697325
59 0.632534611288605 0.582392616258431 0.20905809963317962 0.09846467873624427
75 0.40127795527156546 0.6162761803336884 0.17276357827476035 0.04695598154064599
41 0.8126198083067093 0.6071352502662407 0.12987516270263863 0.06237131700390492
56 0.6723050526564903 0.8082712105076322 0.10262394982842266 0.1631700390486332
22 0.5147793160572713 0.823748668796592 0.10618270027215711 0.05306176783812572
80 0.767962371317004 0.8189208377706781 0.10511477931605734 0.11571707490237838
67 0.3819074665720033 0.8458643947461838 0.14593539226127075 0.09546503372381977
18 0.559490001183292 0.8778487752928646 0.19142113359365753 0.09368122115725977
29 0.755478641580878 0.9070287539936102 0.2201840018932669 0.12186723464678718
53 0.339989350372737 0.9266418175363862 0.15897822742870665 0.08657259495917627
47 0.5377055969707727 0.9470003549875756 0.19910661460182227 0.07349130280440172
76 0.3300437818009703 0.1427760028399006 0.18160572713288364 0.18568512602058931
62 0.6644361614010177 0.15370962016329429 0.12016625251449538 0.05377174298899536
80 0.7818009702993728 0.1542953496627618 0.1001834102473081 0.13317358892438766
48 0.8328126848893622 0.16034788782392617 0.07484025559105417 0.12023429179978704
81 0.6568098449887587 0.18342208022719206 0.28831795053839776 0.08585374511892088
82 0.47381966631167904 0.19307774227902025 0.16176487989587032 0.059087681931132396
39 0.5019524316648918 0.39605963791267307 0.14332031712223406 0.13453141640042604
45 0.7710389303041061 0.39566915157969473 0.1844574606555437 0.16259318423855168
39 0.6312152407999053 0.40197018104366344 0.14870725357945813 0.09392971246006401
13 0.384877529286475 0.4298012069577565 0.18248432138208495 0.056354277600284074
28 0.4070997515086972 0.43888888888888883 0.13741569045083424 0.059345047923322826
26 0.7368536267897291 0.4395456159034434 0.1268400189326708 0.07308306709265176