26 0.6821799307958478 0.47306805074971164 0.1261758298090478 0.044876970396001505
25 0.6929450211457132 0.5641676278354479 0.17073561450724087 0.06368704344482895
78 0.44816737152377284 0.5705497885428681 0.16639753940792007 0.07989234909650139
33 0.8522235037805972 0.6066320645905421 0.08053953607586813 0.06356209150326786
59 0.7108932461873639 0.6107074202229913 0.2301839036268102 0.11163975394079209
75 0.46250800973984363 0.6307381776239908 0.18884083044982714 0.05499807766243753
41 0.9080097398436499 0.6505382545174933 0.14304754581571205 0.07065551710880423
56 0.7703447392028706 0.8584582852748942 0.11760220428040484 0.17913302575932355
22 0.6006023324362425 0.8638600538254518 0.11703511469947461 0.06000576701268753
80 0.8748686402665641 0.8769127258746637 0.11839356657695774 0.12781622452902722
67 0.4580802255542741 0.8782391387927719 0.1617550941945407 0.10687235678585162
18 0.6530052543893374 0.9257400999615533 0.21090606177111373 0.10603613994617436
29 0.8676919133666537 0.9514537677816224 0.24316288606946043 0.09709246443675523
53 0.4184480328078944 0.9570021145713188 0.17551262334999357 0.08599577085736249
47 0.633192361912085 0.9777008842752787 0.21794181724977568 0.04459823144944261
76 0.35104447007561196 0.11226451364859669 0.2038190439574523 0.20238369857747018
62 0.7145328719723183 0.14826989619377162 0.13219595027553496 0.06111111111111111
80 0.8418749199026015 0.15738177623990773 0.11375752915545298 0.14659746251441755
48 0.8976419325900294 0.16762783544790463 0.08581314878892757 0.13197808535178782
81 0.708407022939895 0.17993079584775087 0.31544918621043183 0.0998942714340638
82 0.5106241189286171 0.17718185313341023 0.17742534922465725 0.06786812764321416
39 0.5557990516468024 0.39926951172625913 0.16049275919518136 0.14910611303344878
45 0.8476355247981545 0.4182814302191465 0.20613546072023586 0.18047866205305652
39 0.6964308599256697 0.41501345636293735 0.1646930667691912 0.10527681660899658
13 0.4312508009739844 0.42739331026528266 0.1997372805331283 0.06540753556324488
28 0.4560105087786749 0.4388504421376394 0.15108612072279892 0.06756055363321792
26 0.8137254901960784 0.4633794694348327 0.14019287453543508 0.08217993079584775