79 0.7732770745428973 0.2062470698546648 0.1502578527894985 0.08127051101734646
84 0.5961029067041724 0.21629160806375994 0.15221518987341778 0.0876230661040787
68 0.421026722925457 0.21765705578996716 0.1669245194561651 0.09574542897327709
56 0.7287037037037036 0.39721050164088145 0.1294421003281764 0.15684481950304732
55 0.5811533052039382 0.4552039381153305 0.204242850445382 0.08523206751054853
38 0.38596460384435066 0.47527543366150965 0.12010079699953123 0.07924285044538201
29 0.5289263947491796 0.5882501172058134 0.2456633849038912 0.09058837318330985
55 0.7664908579465541 0.614732770745429 0.21746366619784344 0.0949132676980778
42 0.7008263009845288 0.8275550867323019 0.2270628223159868 0.1235114861697141
62 0.5569151429910923 0.8642229254571027 0.14999999999999994 0.13027426160337577
58 0.35729606188466945 0.9056082981715893 0.15399671823722452 0.1176863572433192