29 0.4116731747722163 0.18590699325523605 0.18015619453319143 0.10372736954206603
13 0.8245888060584545 0.16835285764998226 0.108318542184357 0.10212992545260917
13 0.749929002484913 0.18443379481718142 0.10906401609277007 0.0734469293574725
60 0.6571589161046031 0.19254526091586793 0.15712933380665 0.08036918707845228
56 0.36812211572594955 0.3904508342208023 0.10415335463258785 0.17692580759673418
38 0.5638208496035972 0.43519701810436634 0.10925334279966863 0.07983670571529994
27 0.7401254289433202 0.4345402910898119 0.1968761093361732 0.07575434859779907
84 0.404490592829251 0.5898473553425629 0.13476511655425402 0.07937522186723461
55 0.7215595787480771 0.5765530706425275 0.28656963672938107 0.08771742988995392
56 0.5804934327298545 0.7878239261625843 0.0989823689504202 0.1639332623358183
55 0.42844042125192283 0.8583954561590346 0.174429061649509 0.12580759673411418
55 0.7354514258667613 0.8615015974440894 0.17616850076913973 0.13067092651757217