13 0.40392385392385394 0.6869204869204869 0.19660062160062164 0.08528231028231027
78 0.6004856254856255 0.7023633773633773 0.13803418803418796 0.08224553224553231
30 0.8056332556332556 0.7252525252525253 0.18271173271173283 0.04963739963739959
25 0.789121989121989 0.9722545972545972 0.18912198912198896 0.05549080549080573
23 0.5938422688422689 0.9831390831390833 0.17268842268842277 0.03372183372183353
45 0.4016122766122766 0.9741582491582491 0.21130536130536132 0.05168350168350167
76 0.864005439005439 0.22507770007770012 0.1598096348096347 0.1977531727531728
38 0.7184343434343434 0.2779137529137529 0.1337218337218336 0.04535094535094537
82 0.47624320124320124 0.26798109298109296 0.23824786324786335 0.07347189847189851
48 0.5631701631701631 0.4912716912716913 0.06855089355089354 0.09872442372442368
80 0.41973581973581975 0.4873348873348874 0.13090520590520582 0.15434472934472923
62 0.8180264180264181 0.521989121989122 0.18925796425796412 0.10847578347578345
81 0.6242812742812743 0.5373219373219373 0.24654234654234658 0.09311059311059307