25 0.6657342657342656 0.5978697228697228 0.19313325563325554 0.09442178192178188
80 0.848096348096348 0.6033734783734783 0.14081196581196587 0.1640442890442891
18 0.4575174825174825 0.6213416213416213 0.22516511266511272 0.08862665112665115
59 0.7148212898212898 0.6188163688163688 0.20836247086247098 0.10327635327635339
22 0.5529137529137529 0.6598355348355348 0.1349164724164724 0.060848873348873324
56 0.822999222999223 0.8660968660968661 0.11949300699300683 0.18507187257187252
56 0.7242229992229993 0.8697552447552448 0.11282051282051277 0.18220668220668212
45 0.42816627816627817 0.9262496762496762 0.2325563325563326 0.12729862729862723
75 0.6063519813519813 0.9362859362859363 0.12304778554778553 0.06869981869981871
67 0.866938616938617 0.9485236985236986 0.21864801864801856 0.04998704998705002
62 0.8261655011655012 0.16903004403004404 0.14567793317793318 0.10662716912716916
76 0.3637917637917638 0.18703056203056204 0.29468725718725725 0.10167378917378919
26 0.46954156954156956 0.20237632737632735 0.24428904428904433 0.07711732711732712
82 0.6714646464646464 0.19489769489769487 0.1801767676767677 0.0777972027972028
78 0.3715811965811966 0.4607938357938358 0.15669191919191922 0.09918091168091175
28 0.7629759129759129 0.46118233618233617 0.16691919191919188 0.0642158767158768
41 0.6251748251748253 0.4732905982905983 0.1147824397824398 0.06926638176638168