39 0.5134408602150539 0.5846714456391876 0.15510752688172055 0.1462544802867384
25 0.3424970131421744 0.6140621266427718 0.18220131421744334 0.10131123058542413
26 0.756774193548387 0.637299880525687 0.19242532855436084 0.08083034647550764
62 0.6196176821983274 0.8863799283154121 0.15378434886499395 0.1285095579450417
53 0.3225627240143369 0.9051553166069295 0.15988948626045404 0.08300776583034657
18 0.4822401433691756 0.9063381123058543 0.2095878136200717 0.11642771804062133
76 0.7354301075268818 0.20875149342891278 0.27334229390681 0.08666965352449221
82 0.3845400238948626 0.2077658303464755 0.20473118279569902 0.08495221027479095
45 0.5361648745519714 0.22421744324970133 0.17031362007168457 0.05083930704898445
67 0.7124133811230585 0.46593787335722825 0.12559139784946238 0.05897252090800477
28 0.6146236559139785 0.469247311827957 0.16179211469534052 0.06528673835125445
46 0.3771923536439665 0.4739426523297491 0.20205794504181596 0.056717443249701294