79 0.8005857294994675 0.166873742752337 0.17156549520766787 0.11396284463377113
84 0.6210330138445154 0.17858833274168737 0.16666666666666655 0.11211690924150988
56 0.4497870074547391 0.3509702993728553 0.1057507987220448 0.1535321263755768
55 0.6958466453674121 0.42316885575671526 0.1933972310969115 0.10713525026624059
38 0.44307774227902025 0.44268725594604186 0.13493077742279025 0.11365518873506095
29 0.4978168264110756 0.5664832564193586 0.1892438764643238 0.11647142350017738
55 0.6839190628328008 0.5808780026032423 0.1708200212992546 0.10278073600757313
23 0.8788072417465389 0.5707726896225299 0.1931842385516508 0.10394036208732685
42 0.8048455804046859 0.7717725712933381 0.2305644302449413 0.16318778842740506
62 0.5101171458998934 0.8471660158561117 0.18913738019169327 0.16263164122589055
58 0.667891373801917 0.8574192403265887 0.19094781682641102 0.1420305289314873