29 0.7568113425925926 0.5641145833333333 0.20850115740740732 0.10374421296296284
82 0.5646412037037037 0.5764236111111112 0.16162326388888887 0.10092303240740748
22 0.3756886574074074 0.6010706018518518 0.12413194444444446 0.04743634259259259
76 0.7922395833333333 0.8100289351851853 0.1606365740740742 0.23129050925925937
59 0.6681250000000001 0.8305324074074074 0.15226562500000007 0.10278067129629634
47 0.4161053240740741 0.8873668981481482 0.18105613425925923 0.08865451388888879
28 0.5828125 0.18079861111111112 0.08435474537037031 0.05435474537037042
41 0.7148726851851851 0.1778587962962963 0.10502025462962976 0.050350115740740706
53 0.8071238425925926 0.18167245370370372 0.12727719907407398 0.05033275462962963
48 0.7452314814814816 0.37245370370370373 0.06264756944444443 0.07587673611111115
25 0.40004050925925927 0.4067650462962963 0.1876504629629629 0.08274884259259263
45 0.7829918981481482 0.40566550925925926 0.1913049768518519 0.10168113425925931
26 0.6213541666666667 0.4249884259259259 0.1895138888888889 0.07074074074074073
81 0.3995023148148148 0.43961805555555555 0.2568518518518519 0.09453703703703695