56 0.3859668109668109 0.17175324675324674 0.1326839826839827 0.1636363636363636
23 0.5316678691678691 0.2293831168831169 0.13522126022126024 0.06792929292929291
38 0.8286736411736412 0.24572510822510824 0.15143097643097642 0.06504329004329004
27 0.6752104377104378 0.2496212121212121 0.13344155844155853 0.04678932178932174
13 0.47732082732082737 0.4424963924963925 0.25050505050505056 0.07373737373737373
55 0.7205808080808082 0.4811868686868688 0.17273929773929772 0.0931096681096682
55 0.4875901875901876 0.4808802308802308 0.2554112554112555 0.07871572871572861
29 0.4200937950937951 0.606024531024531 0.18092833092833097 0.10303030303030308
55 0.7933441558441559 0.6313672438672439 0.22312409812409814 0.1023448773448774
28 0.619534632034632 0.6421176046176047 0.0931096681096682 0.07997835497835495
53 0.592550505050505 0.8875000000000001 0.1499639249639249 0.0861111111111108