79 0.7719594594594594 0.11303803803803805 0.1554054054054054 0.09366866866866866
84 0.5836148648648649 0.1377127127127127 0.1570945945945946 0.10052552552552554
68 0.3969594594594595 0.15299674674674674 0.17229729729729729 0.10987237237237238
56 0.7364864864864865 0.31953203203203207 0.12837837837837837 0.17314814814814805
55 0.5827702702702703 0.3928303303303303 0.21283783783783783 0.1004504504504505
38 0.37584459459459457 0.4295858358358358 0.12331081081081081 0.09007757757757753
29 0.535472972972973 0.5383696196196196 0.25675675675675674 0.10812062062062062
55 0.7905405405405406 0.5477477477477477 0.22635135135135134 0.1113863863863863
42 0.7339527027027027 0.7791416416416416 0.23479729729729729 0.14229229229229223
62 0.5827702702702703 0.8294857357357357 0.15202702702702703 0.1458333333333332
58 0.37246621621621623 0.8892454954954956 0.1570945945945946 0.13262012012011984