13 0.7060109289617486 0.20901639344262296 0.07832422586520955 0.05737704918032787
55 0.38218579234972677 0.21147540983606558 0.19489981785063756 0.06557377049180328
60 0.556775956284153 0.21147540983606558 0.13387978142076495 0.04918032786885246
13 0.7936247723132969 0.21311475409836064 0.09981785063752281 0.06557377049180328
56 0.7720582877959926 0.40901639344262297 0.09704918032786893 0.16229508196721312
56 0.3449544626593807 0.41147540983606556 0.10214936247723136 0.17049180327868851
38 0.8020765027322404 0.4598360655737705 0.16116575591985433 0.09672131147540984
84 0.3699089253187614 0.6163934426229508 0.13916211293260478 0.06557377049180328
28 0.567431693989071 0.6172131147540983 0.14448087431693987 0.08360655737704918
38 0.7712750455373406 0.6286885245901639 0.11683060109289616 0.09344262295081968
53 0.5833333333333334 0.860655737704918 0.08885245901639352 0.08852459016393442
29 0.43123861566484517 0.8811475409836066 0.2522040072859745 0.1360655737704918
55 0.7338979963570128 0.909016393442623 0.21555555555555544 0.10983606557377049
53 0.5688888888888889 0.9573770491803278 0.09938069216757749 0.04590163934426229