25 0.6355312689738919 0.5566423800850031 0.16483910139647834 0.06176381299332109
78 0.4061384335154827 0.5814996964177293 0.16775956284153 0.07862780813600481
80 0.8122161505768063 0.5760352155434123 0.12701882210078938 0.15312386156648453
59 0.6556466302367941 0.5962720097146327 0.21640558591378264 0.10134790528233147
22 0.4441044323011536 0.6329143897996357 0.1583879781420765 0.06361870066788093
56 0.7956284153005464 0.8260898603521554 0.09932908318154209 0.17153612629022474
56 0.7087431693989071 0.8286642380085003 0.10901032179720713 0.17673345476624178
75 0.5936976320582878 0.873940497874924 0.1273102610807528 0.05615057680631447
29 0.8153976927747421 0.9223740133576199 0.22044930176077723 0.11619914996964162
67 0.5746265938069217 0.933612629022465 0.18395871281117193 0.10693381906496635
18 0.38932604735883425 0.953879781420765 0.1971827565270188 0.07786278081360057
76 0.35590163934426233 0.16677595628415298 0.2637947783849423 0.1313964784456588
62 0.799544626593807 0.17333333333333334 0.1413843351548269 0.09871584699453552
26 0.45768670309653914 0.19823922282938677 0.2324408014571949 0.06335761991499697
82 0.6503096539162112 0.1925318761384335 0.16815421979356415 0.0704553734061931
39 0.6512568306010929 0.4166180935033394 0.17422890103217975 0.10869156041287195
13 0.3927504553734062 0.4341287188828172 0.1624863387978142 0.06374013357619918
41 0.5306132361870066 0.4489253187613843 0.1012720097146328 0.059061930783242345
28 0.42168184578020645 0.45379477838494237 0.1452944748026714 0.06363995142683668