29 0.8111297539149889 0.6580909768829232 0.22537285607755403 0.11636216753666417
82 0.6048098434004475 0.6453206562266964 0.17502796420581646 0.11221414367387511
22 0.4021439224459359 0.6462217250807855 0.1339485458612975 0.053893238876460275
76 0.8531133482475763 0.9003114901814566 0.17604399701715137 0.19937701963708673
59 0.7200596569724087 0.931922694506587 0.16501677852348998 0.11398521004225708
47 0.4501304996271439 0.9545387459607259 0.19568419090231165 0.09092250807854829
28 0.6180462341536167 0.22334079045488442 0.09137770320656226 0.060371613223962194
41 0.7599179716629381 0.2380375341784738 0.11348806860551831 0.056565374098931094
53 0.8591163310961968 0.25459855828983347 0.13736950037285614 0.057078051205567915
48 0.7956375838926174 0.45090728312204825 0.06842841163310957 0.08296047725577929
25 0.42522371364653244 0.4410576684066617 0.20266592095451155 0.09332276907780256
45 0.836744966442953 0.4916418095948297 0.2068885160328113 0.1137366393238877
26 0.6633482475764355 0.4905232413621675 0.2044742729306488 0.08047477007208546
81 0.4251677852348993 0.4762304250559284 0.2771066368381805 0.10763112105393985