56 0.38383333333333336 0.1401296296296296 0.14233333333333328 0.17099999999999999
23 0.5313518518518519 0.1892962962962963 0.1412962962962964 0.07281481481481478
38 0.8359074074074074 0.18574074074074076 0.15781481481481477 0.07022222222222221
27 0.678074074074074 0.20024074074074075 0.13866666666666674 0.05107407407407408
13 0.46740740740740744 0.41170370370370374 0.2597777777777778 0.08140740740740739
55 0.7158888888888888 0.43475925925925923 0.18074074074074056 0.09951851851851852
55 0.4765 0.4503888888888889 0.265 0.0866296296296296
29 0.4023888888888889 0.5834259259259259 0.1895185185185185 0.109888888888889
55 0.7849444444444444 0.5838888888888889 0.23277777777777772 0.11014814814814827
28 0.6059444444444444 0.6068148148148147 0.09855555555555555 0.08422222222222217
53 0.5688888888888889 0.8604629629629631 0.1571111111111111 0.09181481481481493