34 0.5234588409007014 0.3089700996677741 0.1117109634551495 0.05606312292358804
44 0.37622739018087853 0.3388704318936877 0.09659468438538202 0.03363787375415282
44 0.29894179894179895 0.3446843853820598 0.036766334440753036 0.029900332225913623
40 0.02286206472252984 0.34634551495016613 0.04572412944505968 0.03156146179401993
40 0.0763319798203519 0.34717607973421927 0.06796480866248308 0.03696013289036545
86 0.9526147409868339 0.4543189368770764 0.08854435831180038 0.0681063122923588
65 0.7980681678356097 0.462624584717608 0.1001015134736066 0.05855481727574751
86 0.5843054017472622 0.5041528239202658 0.18390242401870294 0.10299003322259136
65 0.8741479020548787 0.5074750830564784 0.06025593700012322 0.061461794019933555
65 0.7337578442229605 0.510797342192691 0.06274763135228249 0.061461794019933555
86 0.9504737295434971 0.5191029900332226 0.0918420081210777 0.06478405315614617
65 0.8100652147163774 0.5249169435215947 0.09686231081579923 0.06976744186046512
82 0.5919281407653502 0.5963455149501661 0.03382859603789823 0.02574750830564784
82 0.6815553094622863 0.606312292358804 0.04382305893933804 0.029485049833887042
82 0.5743386243386243 0.6162790697674418 0.0479543496985359 0.026578073089700997
82 0.6382736557155162 0.6187707641196013 0.03961486403346858 0.022009966777408636
82 0.10123661867847913 0.7973421926910299 0.13865817644887413 0.04983388704318937
64 0.43070013535129814 0.049003322259136214 0.20172265288544358 0.09800664451827243
82 0.07671650055370986 0.8513289036544851 0.15343300110741973 0.07308970099667775
82 0.9268487756859851 0.9053156146179402 0.13355481727574767 0.08970099667774087
56 0.06226159714531807 0.07225913621262459 0.12452319429063614 0.12790697674418605