69 0.3812714776632303 0.7342815323914981 0.2180857833778796 0.1209908361970217
13 0.000381825124093164 0.7957871961308387 0.000763650248186328 0.10258368333969707
13 0.07199949089983454 0.8230876925035001 0.1400693648975436 0.1100770014000254
13 0.22091765304823724 0.839442535318824 0.14108438335242454 0.11314751177294151
13 0.38213058419243984 0.8497518136693394 0.17365724831360574 0.12240677103220042
28 0.5126384116074838 0.06565403461881125 0.278509609265623 0.1313080692376225
28 0.48421153111874765 0.1849306351024564 0.24206121929489616 0.13774341351660943
28 0.7437189767086674 0.18111238386152473 0.2772527682321496 0.12323405880106912
56 0.3645793559882907 0.37950235458826526 0.21618938526155027 0.11742713503881892
56 0.6247740868015782 0.44495354460990194 0.31249840906198295 0.18403970981290566
56 0.32808323787705235 0.48918162148402694 0.23740931653302785 0.13055237367952152