69 0.4269849915274752 0.7124727668845316 0.20294722827402564 0.1090686274509804
13 0.03505204550956185 0.7601307189542483 0.05952553861050593 0.09738562091503272
13 0.13660130718954247 0.7883079157588961 0.12897300895666908 0.10088053740014513
13 0.2797688211086904 0.8080973129992738 0.12981118373275238 0.1037763253449529
13 0.4343379327039457 0.8224763979665941 0.16049685306221242 0.11167392883079157
28 0.5137133865892035 0.06897467320261437 0.2587751149842654 0.13794934640522874
28 0.49423263132413453 0.19215686274509802 0.22511195836359227 0.12434640522875821
28 0.7418905833938514 0.19586056644880173 0.25930464778503975 0.10953159041394335
56 0.39097070927136285 0.37409222948438636 0.20128903413217136 0.1057280319535221
56 0.6432038247397724 0.44379084967320265 0.29035342532074554 0.1664488017429194
56 0.36231541999515854 0.4775236020334059 0.2209785766158315 0.11762890341321704