84 0.14921875 0.4736284722222222 0.1703125 0.2323003472222222
27 0.82578125 0.6050694444444444 0.3484375 0.2077430555555555
8 0.8203125 0.7096354166666666 0.146875 0.198576388888889
84 0.16953125 0.7107986111111112 0.185546875 0.20568576388888893
8 0.93828125 0.7841319444444445 0.121875 0.21677083333333336
84 0.27578125 0.8248784722222222 0.191796875 0.23824652777777794
84 0.096875 0.8615277777777777 0.190234375 0.27258680555555587
8 0.79921875 0.8779166666666667 0.2203125 0.19864583333333313
84 0.44140625 0.89515625 0.2078125 0.20968750000000008
8 0.6640625 0.9054383680555557 0.20859375 0.18912326388888873
8 0.9171875 0.9194270833333335 0.165625 0.16114583333333315
84 0.21875 0.9223871527777778 0.222265625 0.15522569444444442
16 0.51796875 0.4341666666666667 0.251171875 0.3442534722222222
16 0.75625 0.3832118055555555 0.202734375 0.3498177083333333
66 0.159375 0.16447916666666668 0.31875 0.3285677083333333