8 0.6906894784057414 0.6559207996924261 0.1508778674868639 0.1239010636934511
12 0.3473023196206588 0.6819364347046009 0.14585415865692686 0.15585672177367682
8 0.5640971421248238 0.7475842624631551 0.14700115340253753 0.10225554273997195
8 0.2092336280917596 0.8358259643726772 0.13748558246828138 0.10218505702934767
8 0.3247853389721902 0.15645264641804435 0.15804177880302447 0.09887863642188903
12 0.4809240035883635 0.22338203255158273 0.1574843009099066 0.10406254004869922
12 0.2485198000768935 0.2458926054081763 0.14344482891195692 0.11519928232731003
8 0.7027169037549661 0.2631039343842112 0.1474048442906575 0.09447648340381899
12 0.16548122516980648 0.34739843649878255 0.16975522235037802 0.1214468794053569
12 0.6571254645649109 0.37527233115468406 0.18736383442265797 0.12676534666154052
8 0.4149942329873126 0.41588491605792643 0.14989106753812625 0.07806612841214915
12 0.5497693194925029 0.46361655773420474 0.1875496603870307 0.0861271305907984
8 0.7844290657439446 0.5198769703960016 0.1311867230552352 0.12721389209278486
12 0.7900422914263745 0.60040369088812 0.1970267845700372 0.1147315135204408