12 0.4923160173160173 0.3997715247715248 0.07878787878787874 0.0749579124579125
12 0.48863636363636365 0.4549663299663299 0.06590909090909094 0.07638888888888887
12 0.5533549783549784 0.5423941798941799 0.06363636363636371 0.07878787878787874
12 0.4558441558441559 0.5576238576238576 0.06580086580086575 0.07476551226551224
12 0.46379870129870127 0.5599386724386725 0.06861471861471859 0.08048340548340549
12 0.5050324675324676 0.5617604617604618 0.05638528138528141 0.09165464165464152
12 0.13874458874458875 0.04874338624338624 0.08290043290043289 0.09748677248677248
12 0.05611471861471861 0.04690957190957191 0.07932900432900435 0.09381914381914382
12 0.4915584415584415 0.7881974506974506 0.06850649350649358 0.11534992784992783
12 0.4007034632034632 0.8008958633958634 0.08111471861471867 0.14635040885040895
0 0.7125541125541125 0.7938431938431939 0.3344155844155844 0.39417989417989413
12 0.5435064935064934 0.8968975468975467 0.09648268398268409 0.12144059644059656
12 0.4692099567099567 0.9166486291486292 0.10059523809523814 0.1466390091390091
12 0.3814935064935065 0.9309223184223185 0.08138528138528137 0.12608225108225082
6 0.7674242424242425 0.10458754208754209 0.14139610389610374 0.1748136123136123
12 0.15097402597402598 0.14372294372294372 0.07808441558441558 0.1252224627224627
12 0.08035714285714286 0.14476911976911977 0.0726190476190476 0.14054834054834056
12 0.028138528138528136 0.14727032227032227 0.05627705627705627 0.13403078403078403