10 0.9726510067114095 0.0930089485458613 0.04239373601789707 0.13478747203579416
0 0.6876957494407159 0.2706935123042506 0.12883109619686794 0.35394295302013423
0 0.7813758389261745 0.3187360178970917 0.10866890380313196 0.5588926174496643
0 0.8927293064876959 0.40234899328859064 0.16946308724832215 0.6126398210290828
0 0.941387024608501 0.42416107382550333 0.08612975391498907 0.5152125279642058
10 0.29194630872483224 0.569351230425056 0.1406040268456376 0.15469798657718128
10 0.37069351230425057 0.6409395973154363 0.09507829977628629 0.14832214765100668
10 0.6125838926174497 0.6707494407158836 0.11160514541387022 0.22083333333333335
10 0.5332214765100671 0.6835570469798657 0.11663870246085009 0.2462248322147651
0 0.3443512304250559 0.7729865771812081 0.47304250559284117 0.43076062639821033
0 0.20973154362416108 0.8112975391498882 0.41946308724832215 0.3756152125279642
10 0.7456375838926174 0.8923937360178971 0.10111856823266217 0.11364653243847878
6 0.8593959731543624 0.8898210290827739 0.16085011185682346 0.1076062639821027
10 0.906152125279642 0.059214205816554816 0.09088366890380288 0.11842841163310963
6 0.566331096196868 0.096420581655481 0.2029082774049218 0.192841163310962
6 0.39681208053691275 0.10251677852348993 0.17953020134228187 0.20503355704697987