84 0.12325510328810659 0.49110744407774104 0.18165566556655668 0.24533370003667032
27 0.826952695269527 0.6288962229556289 0.3460946094609461 0.21899523285661898
8 0.8337305952817504 0.7403557022368904 0.15664344212198988 0.20971763843050983
84 0.1465591003544799 0.7415841584158416 0.19753392005867257 0.21722588925559227
8 0.9464307541865297 0.8188302163549688 0.10713849162694075 0.22856618995232866
84 0.25964429776310965 0.8620645397873119 0.20438821659943773 0.2516134946828014
84 0.0881921525485882 0.8787128712871287 0.16516318298496516 0.24257425742574257
8 0.8127612761276128 0.906178951228456 0.23417675100843424 0.18764209754308783
84 0.4349529397384183 0.9127796112944627 0.2208165260970541 0.17444077741107464
8 0.669337489304486 0.9236340300696736 0.2206942916513872 0.1527319398606529
8 0.924795257303508 0.9384121745507884 0.15040948539298393 0.12317565089842308
84 0.1992115878254492 0.9414191419141914 0.23685368536853685 0.11716171617161716
16 0.5123212321232123 0.4494316098276494 0.267913458012468 0.3635680234690135
16 0.7635313531353135 0.3956178951228457 0.21681029214032504 0.3694444444444444
66 0.15056227845006723 0.16833516685001831 0.30112455690013445 0.33667033370003663