2 0.6949911816578483 0.18609053497942388 0.29658142269253374 0.12996766607877722
3 0.46833627278071727 0.2288536155202822 0.22719870664315123 0.19135508524397415
12 0.31051734273956494 0.24355673133450914 0.11713991769547322 0.11832157554379777
12 0.8615285126396238 0.2770017636684303 0.1660670194003528 0.13455614344503242
2 0.2483245149911817 0.3113462669018225 0.2718077601410935 0.16033803644914754
3 0.9049676660787771 0.3717754262198707 0.19006466784244583 0.19189888300999416
12 0.5412228101116989 0.42620811287477955 0.130214579659024 0.11564079952968837
3 0.7169841269841271 0.4767136978248089 0.22601998824221042 0.24650205761316873
2 0.48712522045855383 0.5154850088183422 0.26601116990005874 0.1813256907701352
12 0.13012933568489124 0.5326807760141092 0.17731040564373896 0.09892710170487957
12 0.3302233980011758 0.5468606701940035 0.14205173427395648 0.10660199882422097
12 0.6454673721340388 0.5714168136390358 0.17893004115226338 0.10330393885949433
2 0.18302763080540857 0.6029100529100528 0.2254761904761905 0.17308935920047033
12 0.8811581422692533 0.6771252204585537 0.14389182833627287 0.14074074074074086
12 0.6322516166960612 0.07293356848912405 0.14022339800117584 0.12761904761904763
3 0.1366549088771311 0.7708112874779541 0.26333921222810114 0.19559082892416219
3 0.8947619047619049 0.8121634332745444 0.21047619047619034 0.15556731334509094
2 0.4543386243386244 0.9104585537918872 0.1698500881834214 0.1631540270429158
2 0.6996472663139329 0.9215615814226924 0.24361258083480308 0.1568768371546152
3 0.15295708406819516 0.9349206349206349 0.29302763080540856 0.13015873015873017
12 0.5871722516166962 0.9487477954144621 0.12300999412110532 0.10250440917107585