27 0.5718950617283951 0.2539753086419754 0.09792283950617275 0.2196512345679012
84 0.6157345679012346 0.3420740740740741 0.04929938271604935 0.08425000000000002
84 0.5811481481481481 0.3652530864197531 0.04474074074074073 0.05249691358024696
27 0.10502469135802468 0.37284567901234567 0.08152160493827164 0.32858024691358023
27 0.06536419753086418 0.41340123456790123 0.05792901234567902 0.2667253086419753
27 0.03396913580246913 0.42332098765432097 0.058135802469135814 0.2546666666666666
84 0.6244999999999999 0.4466604938271605 0.06435802469135808 0.09384876543209884
84 0.6884506172839506 0.4527283950617284 0.06834567901234569 0.09854320987654319
84 0.659746913580247 0.5395123456790123 0.0682592592592592 0.09687654320987651
84 0.5951296296296297 0.5784938271604938 0.07394444444444445 0.11826234567901224
27 0.5447901234567901 0.8732901234567901 0.17047839506172827 0.20682407407407405