84 0.735869953554841 0.14683815648445872 0.09044301536262957 0.1595123258306538
84 0.6503572704537335 0.22449088960342978 0.0776080743122544 0.11417470525187565
84 0.6504823151125402 0.31747052518756697 0.09011254019292597 0.14306002143622726
84 0.6699714183637013 0.41334405144694536 0.09467667023937125 0.14657020364415874
84 0.772561629153269 0.5396034297963558 0.10813683458378003 0.18794212218649514
27 0.44274740978921046 0.5304394426580922 0.16615755627009632 0.23108252947481245
84 0.6687388352983209 0.5839764201500536 0.09757949267595571 0.16680064308681672
84 0.7636120042872455 0.6808681672025724 0.08799571275455523 0.17658092175777068
27 0.3980350125044659 0.6605037513397641 0.15285816362986782 0.2654608788853162
84 0.6907824222936763 0.7192926045016077 0.08976420150053578 0.14423901393354774
27 0.5801357627724187 0.7183279742765273 0.2308503036798858 0.3612272240085746
84 0.404055019649875 0.8500535905680601 0.09299749910682385 0.18092175777063232
84 0.5192926045016077 0.8641479099678456 0.10489460521614857 0.19614147909967847
84 0.4401214719542693 0.9128684351554126 0.10434976777420508 0.17426312968917468