7 0.48245294474802675 0.4542805100182149 0.07591378263509423 0.0926593806921676
7 0.8892835458409231 0.5100182149362477 0.08966605950212486 0.0809836065573772
7 0.6747662416514876 0.5909107468123861 0.06145719489981774 0.05679417122040064
7 0.4141772920461445 0.662367941712204 0.100661809350334 0.10440801457194897
7 0.7298421372191863 0.7098542805100182 0.21461445051608985 0.16599271402550098
7 0.5231815421979357 0.7674316939890711 0.10231936854887673 0.050418943533697684
7 0.7148269581056467 0.8589799635701275 0.09598057073466906 0.06488160291438981
7 0.7083606557377049 0.25641165755919854 0.06993321190042494 0.07601092896174864
7 0.4665391621129326 0.3212932604735883 0.061323618700667853 0.04777777777777778
7 0.5914207650273223 0.3354280510018215 0.08941712204007292 0.11947176684881605
7 0.7893260473588342 0.35123861566484516 0.10557984213721924 0.10462659380692163
7 0.45171827565270184 0.37280510018214935 0.06698846387370969 0.04311475409836058
7 0.8433697632058287 0.40051001821493626 0.08820886460230734 0.09320582877959926