10 0.9599513007817508 0.13459566833269254 0.0724080481865947 0.13760092272202998
0 0.6510636934512366 0.294559784698193 0.13549275919518128 0.3593137254901961
0 0.7472446494937844 0.35227476611559655 0.11628540305010908 0.5724625144175317
0 0.8613674227861078 0.4483596052800205 0.1793540945790082 0.6248109701396899
0 0.9251890298603102 0.4752851467384339 0.120402409329745 0.5288863257721389
10 0.24090093553761371 0.57079969242599 0.1460976547481738 0.15251826220684353
10 0.9771562219659106 0.054312443931821094 0.045687556068178876 0.08017429193899782
10 0.32151095732410606 0.6516660258874792 0.0991285403050109 0.1483660130718953
10 0.5705818275022427 0.7029860310137126 0.11671792900166617 0.22250736896065615
10 0.4886902473407663 0.7095668332692554 0.12210047417659885 0.24851018838908118
0 0.2929001666025887 0.7880943226963988 0.4917339484813533 0.4238113546072025
0 0.18595412021017557 0.8157439446366782 0.37190824042035114 0.3685121107266436
10 0.7055619633474304 0.9439638600538254 0.10598487761117535 0.11207227989234918
6 0.8280148660771498 0.9497949506600026 0.17788030244777644 0.10041009867999473
10 0.8772267076765348 0.08227604767397155 0.09329744969883368 0.13963860053825453
6 0.5258874791746764 0.10218505702934769 0.20774061258490334 0.19145200563885684
6 0.35108291682686144 0.10046136101499424 0.1836473151352044 0.1928232731000897