84 0.7381305114638448 0.10084656084656084 0.08929453262786584 0.15259553203997647
84 0.6463668430335097 0.18403880070546738 0.07662257495590832 0.10846854791299233
84 0.6383068783068783 0.27613168724279835 0.08896825396825389 0.1363286302175191
84 0.6492239858906526 0.3696707818930042 0.09347442680776018 0.13953556731334507
84 0.7400000000000001 0.48721340388007056 0.1067636684303352 0.17970017636684302
27 0.41324514991181654 0.5023280423280424 0.16404761904761908 0.21900058788947674
84 0.6329805996472663 0.5387830687830688 0.09634038800705469 0.15939153439153433
84 0.7186772486772487 0.627801293356849 0.0868783068783069 0.16963550852439752
27 0.35738977072310407 0.6344444444444445 0.15091710758377425 0.2538124632569078
84 0.642962962962963 0.6712051734273956 0.08862433862433869 0.13751616696061136
27 0.5331569664902999 0.6783656672545562 0.2279188712522047 0.3440358612580835
84 0.34668430335097 0.8217636684303351 0.09181657848324513 0.17363903586125803
84 0.4598941798941799 0.8272721928277486 0.10356261022927703 0.18800705467372117
84 0.3761552028218695 0.890570252792475 0.10302469135802471 0.18482951205173415