2 0.8064209634471072 0.44199346405228757 0.14629629629629626 0.06985294117647059
2 0.6333151779230209 0.44362745098039214 0.177753570564028 0.07679738562091504
2 0.4263313967562333 0.4526143790849673 0.11686032437666417 0.06944444444444445
2 0.9539034132171387 0.4526143790849673 0.09219317356572258 0.10130718954248366
2 0.2525538610505931 0.45669934640522875 0.1562091503267974 0.09926470588235294
2 0.05326192205277172 0.4714052287581699 0.055398208666182516 0.08006535947712418
2 0.10742556281771967 0.47549019607843135 0.1348704914064391 0.09763071895424837
2 0.37527233115468406 0.5147058823529411 0.19268942144759138 0.10825163398692811
2 0.1691539578794481 0.5245098039215687 0.1599854756717502 0.10784313725490197
2 0.837121762285161 0.5326797385620915 0.15211813120309847 0.08537581699346405
2 0.5579036552892762 0.5359477124183006 0.18344226579520695 0.0625