11 0.9274914089347078 0.01644075346824488 0.03159602901870908 0.03288150693648976
11 0.9750859106529209 0.04830724194985364 0.04982817869415808 0.09661448389970728
11 0.8849942726231387 0.04403557337406135 0.08676975945017182 0.0880711467481227
3 0.4657884688812524 0.06229635993381698 0.1048682703321878 0.12459271986763396
11 0.897766323024055 0.07608501972763142 0.20446735395189003 0.15217003945526283
2 0.5474417716685758 0.049758177421407666 0.10127911416571193 0.09951635484281533
3 0.43487972508591066 0.09109711085656103 0.234020618556701 0.18219422171312205
3 0.3612256586483391 0.08454244622629502 0.09322260404734638 0.11177294132620592
11 0.9270141275295914 0.10097365406643759 0.02332951508209241 0.023660430189639814
11 0.9053455517373042 0.13671248568155783 0.034917907598319725 0.03377243222604049
11 0.9648911798396334 0.1519982181494209 0.07021764032073331 0.14067073946799036
11 0.9764413898434517 0.18590428916889398 0.04581901489117997 0.06697849051800944
3 0.5451699121802215 0.21146111747486318 0.13115693012600235 0.17485681557846502
11 0.9903970981290567 0.2620529464172076 0.01920580374188646 0.19245259004709178
2 0.765139366170294 0.2768104874634084 0.1292287132493318 0.18930889652539143
2 0.7654066437571593 0.28282423316787575 0.12502863688430696 0.1719231258750159
3 0.6307369224894999 0.39244622629502357 0.09738449789996187 0.1668575792287133
2 0.8308705612829325 0.4572483136057019 0.08531882397861781 0.12672775868652164
2 0.9398243604429171 0.5248695430826015 0.1082283314242076 0.17949599083619708
2 0.9953035509736541 0.6317233040600738 0.009392898052691919 0.10361461117474866
3 0.8395952653684613 0.6729349624538628 0.27688048873615895 0.3882779686903398
2 0.9449455899198166 0.6786496118111239 0.11010882016036681 0.18323787705230996
2 0.6211340206185567 0.021146748122693144 0.06013745704467354 0.04229349624538629
11 0.8250668193967162 0.002653684612447502 0.031576937762504705 0.005307369224895004
3 0.37371134020618557 0.029190530736922488 0.10824742268041238 0.058381061473844975