27 0.5550358422939068 0.28873954599761054 0.0932078853046595 0.2131869772998805
84 0.5980824372759856 0.37434289127837517 0.047114695340501785 0.08185483870967741
84 0.5647849462365592 0.3965352449223417 0.042930107526881735 0.05110513739546003
27 0.10417562724014337 0.4004778972520908 0.07655017921146953 0.31844384707287937
27 0.0660931899641577 0.43945639187574664 0.05415770609318997 0.2584378733572283
27 0.03578853046594982 0.44883512544802867 0.05444444444444444 0.2467741935483871
84 0.6073118279569892 0.4756571087216248 0.0616218637992831 0.09124850657108731
84 0.6692293906810036 0.481989247311828 0.06544802867383513 0.09581839904420547
84 0.642078853046595 0.5658004778972521 0.06537634408602146 0.09420549581839902
84 0.5798387096774194 0.6030764635603345 0.07072580645161294 0.11493428912783767
27 0.5332437275985663 0.8881123058542413 0.16353046594982082 0.20129928315412202