84 0.769277474195507 0.14109289617486337 0.09454766241651483 0.16265027322404377
84 0.6833454766241651 0.22027322404371585 0.08078627808136009 0.11642076502732238
84 0.6848816029143899 0.3150819672131147 0.09396174863387968 0.14587431693989072
84 0.70618700667881 0.4128415300546448 0.09866423800850035 0.14945355191256834
84 0.8126047358834244 0.5415846994535519 0.11300242865816651 0.19163934426229504
27 0.47649666059502127 0.5322404371584699 0.17275956284153005 0.23562841530054648
84 0.7075166970248937 0.5868306010928961 0.1019277474195506 0.17008196721311475
84 0.8056284153005464 0.6856284153005465 0.09231329690346086 0.18005464480874306
27 0.43292046144505164 0.664863387978142 0.15973284760170006 0.2706830601092896
84 0.7320218579234972 0.7248087431693989 0.09362477231329686 0.1470765027322405
27 0.6192956891317548 0.7238251366120219 0.24063145112325432 0.36833333333333346
84 0.44192471159684277 0.8581420765027323 0.09747419550698243 0.18448087431693985
84 0.5595264116575592 0.8725136612021858 0.10982392228293866 0.2
84 0.4797571341833637 0.9166734972677596 0.10921979356405588 0.16665300546448084