12 0.5113978494623656 0.4095340501792115 0.0739307048984468 0.07501792114695342
12 0.5109916367980885 0.4643727598566309 0.061039426523297476 0.07634408602150525
12 0.5805017921146954 0.5507168458781362 0.05863799283154131 0.07870967741935476
12 0.48443249701314217 0.5665591397849462 0.06102747909199519 0.0747311827956988
12 0.492479091995221 0.5687992831541219 0.06348864994026276 0.08043010752688173
12 0.5335902031063322 0.5703046594982079 0.050669056152927286 0.09143369175627238
12 0.13905615292712067 0.058996415770609316 0.0765890083632019 0.10732974910394263
12 0.057598566308243726 0.06161290322580645 0.07409796893667862 0.09759856630824372
12 0.5335364396654719 0.7952688172043011 0.061326164874552 0.11505376344086028
12 0.443936678614098 0.8085483870967742 0.07203703703703689 0.14593189964157705
0 0.7536678614097969 0.7944086021505375 0.309247311827957 0.3842293906810035
12 0.5916009557945042 0.9028315412186378 0.08878733572281956 0.12130824372759874
12 0.5189127837514934 0.9189605734767023 0.0913500597371566 0.14071684587813632
12 0.4325328554360813 0.9329749103942653 0.07342891278375144 0.11612903225806452
6 0.7675746714456392 0.11437275985663083 0.13030465949820788 0.1746415770609319
12 0.15686977299880528 0.15777777777777777 0.07026881720430107 0.12492831541218641
12 0.08670848267622462 0.15933691756272403 0.06393070489844682 0.14010752688172043
12 0.029480286738351257 0.16224014336917564 0.05896057347670251 0.13358422939068101