12 0.5140625 0.4140625 0.07109375 0.07109375
12 0.5140625 0.4671875 0.05859375 0.07265625
12 0.58203125 0.55234375 0.05625 0.075
12 0.4890625 0.565625 0.05859375 0.07109375
12 0.496875 0.56796875 0.0609375 0.0765625
12 0.53671875 0.5703125 0.0484375 0.0875
12 0.15078125 0.06640625 0.0734375 0.10234375
12 0.071875 0.0671875 0.07109375 0.09296875
12 0.53828125 0.78828125 0.05859375 0.11015625
12 0.4515625 0.79921875 0.06875 0.13984375
0 0.75234375 0.80390625 0.29765625 0.38828125
12 0.5953125 0.89375 0.08515625 0.115625
12 0.525 0.91171875 0.0875 0.13984375
12 0.44140625 0.93203125 0.0703125 0.1359375
6 0.76015625 0.13359375 0.125 0.16640625
12 0.16875 0.1625 0.0671875 0.11953125
12 0.10078125 0.1625 0.0609375 0.134375
12 0.0390625 0.16484375 0.0703125 0.12890625