2 0.7878232005590496 0.4251281155369206 0.1417714884696018 0.06924353598881901
2 0.6212730025623108 0.4291695783834149 0.17214069415327285 0.07636850687165152
2 0.4222280456557186 0.44077568134171907 0.1134404845096669 0.0684311670160727
2 0.9424571977638017 0.4336536221756348 0.11508560447239677 0.09830829256929885
2 0.25506638714185886 0.44718728162124394 0.15172955974842767 0.09766189145119955
2 0.06114605171208946 0.4642266480316795 0.059166084323317034 0.07783601211274159
2 0.11568250640577685 0.46735383181924056 0.13117283950617284 0.09578674586536225
2 0.3739808991381318 0.5013044491031912 0.18696133240158394 0.10682215234102023
2 0.17578034008851617 0.5136850687165152 0.1554856743535989 0.10596319590030277
2 0.8186582809224318 0.5120312136035406 0.14759492196599125 0.08425052410901473
2 0.5500232937339855 0.5191590962031214 0.17741090146750513 0.06270382017237353