86 0.0984375 0.2375 0.15859375 0.06953125
86 0.22578125 0.24609375 0.141796875 0.048828125
86 0.3546875 0.25 0.15859375 0.046484375
86 0.228125 0.2890625 0.11953125 0.046875
86 0.35 0.290625 0.112109375 0.03671875
28 0.359375 0.3375 0.203125 0.03828125
86 0.46875 0.3921875 0.20546875 0.0625
28 0.24140625 0.3921875 0.2234375 0.068359375
25 0.90546875 0.40859375 0.1140625 0.1140625
17 0.46796875 0.47890625 0.2078125 0.06875
84 0.496875 0.56796875 0.187890625 0.066796875
38 0.08984375 0.60859375 0.1578125 0.061328125
86 0.80859375 0.76171875 0.155078125 0.1171875