86 0.08017718715393134 0.2348037406176941 0.16035437430786267 0.08090316229851112
86 0.21127722406792177 0.24978466838931956 0.15228559123907962 0.057493540051679545
86 0.3481973668020179 0.2590131659899102 0.17006890611541778 0.05566322136089574
86 0.21241540543866125 0.29555801648824903 0.1285529715762274 0.05454042081949056
86 0.3419342930970838 0.3020179648086625 0.12034268487756858 0.04345084286944749
28 0.3504245108896272 0.35222099175587546 0.21715270087363112 0.0486957056724499
86 0.4649809277716254 0.4146671588532054 0.22040728436077278 0.07453549895410362
28 0.223286575612157 0.4057155161806325 0.23969484434600716 0.0814722529838809
25 0.9279192814076536 0.4492740248554202 0.12319429063615094 0.12569213732004442
17 0.46141872769779746 0.5068290882244371 0.2230958533284115 0.08127230220253466
84 0.48934416143718473 0.6026516549772364 0.20185492801771868 0.07841146794635165
38 0.07011812476928755 0.6291682047496001 0.1402362495385751 0.07228989787129315
86 0.8146363971945368 0.8209056232312046 0.16855850867478767 0.13069090685369744