86 0.07725409836065573 0.229010321797207 0.15450819672131147 0.08157862780813607
86 0.20154826958105646 0.24495446265938067 0.152565270188221 0.058943533697632
86 0.3364905889496053 0.2560655737704918 0.1700060716454159 0.05739829993928361
86 0.2006678809957498 0.2901639344262295 0.12905282331511841 0.05568306010928967
86 0.3284153005464481 0.29843351548269575 0.12047662416514879 0.044623557984213684
28 0.33460837887067396 0.3481238615664845 0.21608986035215547 0.051214329083181576
86 0.4451123254401943 0.4114511232544019 0.2204310868245294 0.07675166970248942
28 0.20658773527625987 0.39908318154219796 0.23973891924711596 0.08387674559805705
25 0.9020340012143291 0.45242258652094713 0.1285367334547662 0.12587735276259857
17 0.4375531268973892 0.5023922282938676 0.22337583485124465 0.08343655130540363
84 0.4609593199757135 0.5974074074074074 0.20232240437158483 0.08030358227079537
38 0.05801457194899817 0.617237401335762 0.11602914389799635 0.073819064966606
86 0.7729508196721312 0.8176442015786278 0.17181238615664862 0.13138737097753478