86 0.102880658436214 0.2101670297748729 0.16638828370854516 0.07639796659404507
86 0.23611716291454854 0.2161946259985476 0.1486625514403292 0.05435729847494551
86 0.37095134350036313 0.21728395061728392 0.1662097555071411 0.05229665940450259
86 0.23890099249576374 0.2610748002904866 0.12536310820624547 0.051797385620915015
86 0.36636407649479547 0.2598765432098766 0.11752299685306217 0.041003994190268685
28 0.37653110626966835 0.3086782861292665 0.21271483902202853 0.044753086419753126
86 0.4913338174776083 0.3633260711692084 0.21535342532074558 0.07013435003631081
28 0.2535887194383926 0.36860929557007993 0.2341896635197289 0.0766793754538853
25 0.944038973614137 0.3703885257806827 0.11192205277172607 0.1218228031953522
17 0.4911885741951102 0.45403050108932463 0.2178528201404019 0.07672476397966588
84 0.5221072379569112 0.5464960058097313 0.19700435729847485 0.07421931735657225
38 0.09676833696441539 0.5984386347131445 0.1655077463083999 0.06780137981118387
86 0.8495884773662553 0.7418663761801016 0.1630809731299929 0.1261528685548293