38 0.7387469135802469 0.4042345679012346 0.14216358024691356 0.06918209876543216
38 0.7417777777777778 0.47593827160493823 0.15759876543209883 0.07191049382716054
82 0.5523827160493827 0.5547901234567901 0.02345679012345689 0.01701234567901224
82 0.6474259259259258 0.5620308641975309 0.01761111111111101 0.015259259259259276
82 0.6249320987654321 0.5625308641975308 0.025104938271604926 0.014537037037036953
82 0.5682716049382716 0.5625246913580247 0.023441358024691304 0.01492901234567891
82 0.5924506172839505 0.5645493827160493 0.025932098765432177 0.013716049382716165
82 0.5508703703703705 0.5755987654320988 0.023003086419752964 0.012006172839506158
82 0.60170987654321 0.5771851851851852 0.018827160493827176 0.01069444444444457
82 0.576716049382716 0.5776481481481481 0.0200864197530863 0.011962962962963009
13 0.22216666666666668 0.7457098765432099 0.0844382716049383 0.037913580246913624
13 0.3997777777777778 0.7633395061728395 0.08496604938271597 0.05291975308641971
13 0.137320987654321 0.7652839506172839 0.08078395061728395 0.05077469135802479
13 0.2873950617283951 0.7775061728395061 0.08801543209876542 0.07087962962962971
26 0.5717098765432098 0.8017160493827161 0.055861111111111084 0.1170648148148147
26 0.5292222222222221 0.8027530864197531 0.057555555555555506 0.1208395061728396
13 0.1934197530864198 0.8019444444444443 0.08511111111111111 0.07250308641975305
26 0.6085185185185185 0.8214259259259259 0.05060185185185181 0.08199074074074077
50 0.3652037037037037 0.8203209876543209 0.0954753086419753 0.06557407407407406
26 0.6377098765432099 0.8251913580246915 0.03454629629629627 0.05175617283950601
56 0.6462654320987654 0.18038888888888888 0.09813580246913564 0.25600925925925927
56 0.544716049382716 0.19471604938271606 0.10540740740740755 0.22528703703703704
24 0.8664506172839506 0.20864814814814817 0.20145679012345682 0.19962962962962963
78 0.41204320987654325 0.2819074074074074 0.07309876543209877 0.02566358024691359
78 0.44316666666666665 0.32153086419753085 0.04689506172839515 0.03152469135802467
78 0.3708086419753086 0.33962345679012346 0.05408641975308645 0.046212962962962935