52 0.7527331189710611 0.7391449327140646 0.15490353697749198 0.12818566154579022
85 0.45205430510896755 0.8029236632130523 0.1675836608312492 0.11771763725139928
69 0.6123972847445517 0.8006788138620936 0.12854888650708576 0.12221626771465993
69 0.2644515898535191 0.8237168036203406 0.1709241395736572 0.12031975705609158
56 0.17015005359056806 0.17134095510301298 0.14615338811480288 0.09080326307014412
56 0.876991782779564 0.13429200905085148 0.15305466237942092 0.08480111944742169
56 0.3119209241395737 0.16858401810170298 0.145626414195546 0.08836786947719423
56 0.7308562581874479 0.1461772061450518 0.134461712516375 0.0816958437537216
56 0.5910265571037275 0.15526973919256878 0.14103846611885199 0.08489043706085504
56 0.45276289150887217 0.16346314159818984 0.13570918185066103 0.08257115636536859
46 0.26291532690246516 0.40532332976062885 0.17164165773490533 0.041425509110396545
46 0.6830891985232822 0.42235322138859116 0.17773907347862333 0.03537572942717647
46 0.2798439919018697 0.45189353340478744 0.15888412528283916 0.04267297844468272
25 0.6750982493747768 0.5792544956532095 0.16336191496963198 0.10584732642610453