38 0.86328125 0.33359375 0.026171875 0.0453125
82 0.65078125 0.33671875 0.039453125 0.0609375
38 0.8890625 0.33515625 0.024609375 0.039453125
38 0.83671875 0.34140625 0.0234375 0.046875
38 0.81328125 0.340625 0.0203125 0.041015625
38 0.79375 0.34375 0.021484375 0.046875
38 0.76953125 0.34765625 0.026171875 0.0453125
44 0.6078125 0.36171875 0.074609375 0.0453125
82 0.68359375 0.36171875 0.0390625 0.041796875
56 0.2015625 0.625 0.055859375 0.13203125
56 0.14296875 0.66015625 0.070703125 0.211328125
85 0.6265625 0.89609375 0.044140625 0.0546875
85 0.71796875 0.91328125 0.036328125 0.064453125
13 0.41484375 0.9203125 0.044921875 0.06015625
85 0.6625 0.9359375 0.050390625 0.072265625
13 0.4609375 0.95546875 0.044140625 0.0828125
69 0.70234375 0.96640625 0.0484375 0.0546875
13 0.41171875 0.97265625 0.051171875 0.04375