28 0.3307407407407408 0.2884197530864197 0.0709259259259259 0.04060802469135808
13 0.15185185185185185 0.2982777777777778 0.06632407407407404 0.07759876543209875
50 0.49659259259259253 0.30922222222222223 0.04878703703703688 0.0577685185185185
13 0.41057407407407404 0.3121172839506173 0.05274074074074084 0.062407407407407425
28 0.32983333333333337 0.32759876543209876 0.09684259259259259 0.0334969135802469
13 0.20062962962962963 0.3640432098765432 0.0698611111111111 0.0822314814814815
13 0.1363888888888889 0.3647592592592593 0.06228703703703701 0.09919135802469138
52 0.37012962962962964 0.4716234567901234 0.09634259259259258 0.11593518518518522
13 0.5910555555555556 0.6041481481481481 0.04509259259259257 0.04022530864197525
13 0.6368888888888888 0.6048271604938272 0.05250925925925931 0.06656790123456782
13 0.5239444444444444 0.6131604938271605 0.05387962962962964 0.05992592592592587
26 0.3262962962962963 0.613567901234568 0.0241296296296296 0.037000000000000074
26 0.3452777777777778 0.6180185185185185 0.019787037037037103 0.042348765432098694
26 0.39744444444444443 0.6262962962962962 0.02125925925925922 0.04736728395061732
26 0.3755925925925926 0.630141975308642 0.02666666666666667 0.07534567901234558
26 0.36109259259259263 0.6374320987654322 0.02066666666666663 0.05277160493827144
26 0.3077592592592593 0.636641975308642 0.016166666666666742 0.0639475308641975
26 0.28435185185185186 0.637962962962963 0.03190740740740741 0.043361111111111086
13 0.5709074074074074 0.6447098765432099 0.05107407407407398 0.06238271604938272
26 0.3247777777777778 0.6477345679012345 0.02169444444444442 0.029052469135802426
26 0.41224074074074074 0.6498641975308642 0.02268518518518514 0.06071296296296301
13 0.6305000000000001 0.6547654320987655 0.050009259259259316 0.04779320987654311
26 0.3401296296296296 0.6588024691358024 0.01979629629629623 0.0331882716049383
26 0.2899444444444444 0.6622283950617284 0.019879629629629678 0.02569444444444457
82 0.6309259259259259 0.7765185185185186 0.04862037037037036 0.0540185185185184
85 0.4109259259259259 0.8107839506172839 0.053018518518518555 0.08739506172839508
82 0.531425925925926 0.8200740740740742 0.04446296296296301 0.06353395061728406
43 0.2980555555555556 0.8174506172839506 0.06208333333333333 0.0758703703703704
43 0.3555185185185185 0.8191358024691358 0.05719444444444444 0.07829629629629627
82 0.6103703703703703 0.8262469135802469 0.05019444444444446 0.07069753086419761
82 0.5686296296296297 0.8272962962962962 0.03585185185185196 0.057160493827160506
82 0.6435925925925926 0.8292407407407408 0.026074074074073982 0.06201234567901224