38 0.7517622461170849 0.41148148148148145 0.13950119474313008 0.07304360812425334
38 0.7516129032258064 0.48097968936678615 0.15451015531660695 0.07634707287933096
82 0.5648148148148149 0.549115890083632 0.023178016726403933 0.01746714456391872
82 0.6565412186379929 0.5602090800477897 0.01747311827956977 0.015519713261648811
82 0.6347371565113501 0.5597252090800479 0.024701314217443194 0.01514336917562728
82 0.579868578255675 0.5572819593787336 0.02310334528076473 0.015451015531660658
82 0.6031959378733572 0.5602807646356034 0.025477897252090813 0.014384707287933174
82 0.5624551971326165 0.5691816009557945 0.022595579450418127 0.012604540023894809
82 0.6116188769414576 0.5729032258064516 0.018518518518518587 0.011155913978494563
82 0.5873954599761052 0.5722759856630825 0.01977299880525702 0.012437275985663078
13 0.23682795698924727 0.7196117084826762 0.08276583034647546 0.04031063321385901
13 0.4080645161290323 0.7443070489844683 0.08370669056152928 0.05485065710872163
13 0.1538231780167264 0.7348984468339307 0.07959976105137395 0.052595579450418165
13 0.29862604540023896 0.7531780167264038 0.08717144563918759 0.07235663082437271
26 0.5729091995221027 0.7888291517323777 0.05739247311827963 0.11565412186379923
26 0.5317204301075268 0.7880047789725209 0.05913978494623668 0.11937873357228197
13 0.2065710872162485 0.7727777777777778 0.08440860215053761 0.07380227001194745
26 0.6077060931899642 0.8094802867383512 0.05129928315412184 0.0814964157706094
50 0.3721326164874552 0.7979450418160096 0.09423536439665463 0.06754480286738344
26 0.6358124253285543 0.814378733572282 0.034901433691756314 0.05155615292712076
56 0.6718339307048985 0.19094982078853046 0.10227001194743128 0.2518906810035842
56 0.5728793309438471 0.20044205495818398 0.10842293906810027 0.2224820788530466
24 0.8838410991636799 0.22775985663082438 0.20059737156511362 0.20179211469534047
78 0.4406511350059737 0.2790860215053763 0.07144563918757468 0.027971923536439694
78 0.4690860215053764 0.3187574671445639 0.046266427718040674 0.032514934289127766
78 0.39823775388291516 0.33314814814814814 0.05364396654719232 0.047034050179211535