38 0.9052992438805588 0.3565359477124183 0.0319524541842881 0.050602332436242514
82 0.6702101755734974 0.3565103165449186 0.04768358323721649 0.06812123542227351
38 0.9339484813533256 0.3586889657823914 0.02983788286556462 0.04408881199538642
38 0.8764001025246699 0.36475073689606563 0.02902729719338705 0.052287581699346414
38 0.8503972830962451 0.3635012174804562 0.02518262206843539 0.04574843009099062
38 0.8289760348583878 0.366641035499167 0.02686466743560178 0.052255542739971794
38 0.8024157375368448 0.37056901191849284 0.0319524541842881 0.050602332436242514
44 0.6242727156221966 0.38348712033833143 0.08558567217736769 0.05139689862873253
82 0.7081827502242727 0.3847302319620659 0.04599513007817508 0.04692105600410091
56 0.19172113289760348 0.6683455081378957 0.07051454568755608 0.14711008586441116
56 0.12914904523901063 0.7063116749967961 0.0921536588491606 0.23515635012174807
85 0.6800973984364987 0.9724256696142509 0.05246379597590681 0.05514866077149812
85 0.7809047802127386 0.9792515699090094 0.04459823144944261 0.04149686018198127
13 0.4455722158144303 0.9819300269127259 0.0509034986543637 0.03613994617454829
85 0.7201012431116237 0.989119569396386 0.058938869665513156 0.021760861207227998