38 0.8162725225225226 0.3967592592592593 0.14811373873873884 0.07224411911911904
38 0.8236486486486487 0.4694694694694695 0.1639076576576576 0.07524086586586579
82 0.6365990990990991 0.546534034034034 0.024774774774774903 0.017592592592592573
82 0.733277027027027 0.555299049049049 0.018749999999999847 0.015728228228228263
82 0.7105292792792792 0.5554679679679679 0.026295045045044943 0.015108858858858881
82 0.6531531531531531 0.5546108608608609 0.024634009009008882 0.015481106106106087
82 0.677759009009009 0.5570257757757757 0.027083333333333282 0.014289289289289138
82 0.6363175675675675 0.5675988488488489 0.02401463963963969 0.012512512512512484
82 0.6878941441441442 0.56996996996997 0.019707207207207336 0.011120495495495559
82 0.6626126126126126 0.5700638138138138 0.02105855855855861 0.012424924924925019
13 0.31368243243243243 0.7350538038038037 0.08778153153153158 0.03968968968968978
13 0.49459459459459454 0.7555868368368368 0.08921734234234224 0.054904904904904815
13 0.22894144144144143 0.7536161161161161 0.08485360360360363 0.0526682932932933
13 0.38164414414414416 0.7682557557557558 0.09338400900900896 0.07315127627627625
26 0.6710022522522523 0.7970595595595595 0.06359797297297312 0.11947259759759757
26 0.6280405405405405 0.7974724724724724 0.06554054054054047 0.12332332332332314
13 0.2879504504504504 0.7916103603603604 0.09054054054054057 0.0747528778778778
26 0.7094594594594594 0.8175863363363364 0.05616554054054054 0.08384947447447452
50 0.4630067567567568 0.8128128128128129 0.10061936936936927 0.0678866366366366
26 0.7392454954954955 0.8218405905905907 0.03809121621621614 0.05296859359359364
56 0.709177927927928 0.1685247747747748 0.11475225225225236 0.26091403903903904
56 0.6072072072072072 0.181519019019019 0.12027027027027035 0.22988926426426426
24 0.9128941441441443 0.19927427427427427 0.17421171171171151 0.20462962962962963
78 0.4780968468468468 0.26788663663663664 0.07556306306306308 0.027105230230230246
78 0.5119932432432432 0.3085085085085085 0.049380630630630654 0.03265140140140137
78 0.43980855855855855 0.325757007007007 0.05754504504504494 0.04764451951951946