56 0.4580204778156996 0.11010618126659083 0.12195676905574522 0.15486348122866894
56 0.3742131209708002 0.11251422070534699 0.06350018960940462 0.12458285930982177
73 0.8144861585134623 0.23759954493742894 0.0495544178991278 0.10807736063708766
73 0.9347174819871067 0.24197952218430036 0.0710466439135379 0.10258816837315132
73 0.8664201744406522 0.24131588926810768 0.06257110352673487 0.10367842244975356
50 0.4636139552521806 0.2340728100113766 0.05038869927948435 0.030953735305271183
50 0.5394387561623056 0.2383200606750095 0.055972696245733713 0.03193022373909746
73 0.7636139552521805 0.24842624194160032 0.058096321577550306 0.07971179370496777
73 0.6140310959423587 0.2510807736063709 0.06131968145620033 0.05634243458475538
23 0.3832385286310201 0.25534698521046645 0.07814751611679946 0.06097838452787261
23 0.2748009101251422 0.25464543041334853 0.13099165718619646 0.06087409935532802
13 0.5033181645809632 0.26313993174061434 0.05813424345847544 0.04220705346985213
50 0.44933636708380736 0.26706484641638223 0.04664391353811136 0.03300151687523704
86 0.2659461509290861 0.3577929465301479 0.10570724307925675 0.07693401592719006
73 0.5965301478953356 0.4718998862343572 0.08076412590064468 0.10067311338642411