85 0.28984375 0.27109375 0.055078125 0.0578125
85 0.3421875 0.28359375 0.08125 0.04375
85 0.36171875 0.31015625 0.0828125 0.055078125
28 0.39921875 0.4390625 0.154296875 0.04609375
28 0.3953125 0.47421875 0.15859375 0.029296875
38 0.23515625 0.509375 0.034375 0.01796875
38 0.18203125 0.51328125 0.041796875 0.0171875
74 0.59375 0.51484375 0.0375 0.015625
82 0.85859375 0.51484375 0.021875 0.0203125
74 0.62890625 0.51796875 0.032421875 0.016796875
82 0.8125 0.51796875 0.02578125 0.013671875
82 0.7484375 0.51796875 0.021484375 0.015625
82 0.77890625 0.521875 0.0234375 0.021484375
86 0.31796875 0.528125 0.1203125 0.059765625
82 0.83203125 0.528125 0.035546875 0.01953125
82 0.70546875 0.5296875 0.035546875 0.021484375
74 0.57890625 0.53125 0.058203125 0.021484375
74 0.628125 0.53359375 0.02578125 0.011328125
82 0.74140625 0.534375 0.03125 0.015625
82 0.79609375 0.534375 0.0375 0.012890625
38 0.22109375 0.53515625 0.036328125 0.011328125
38 0.16484375 0.53984375 0.053125 0.020703125
38 0.2125 0.55078125 0.041015625 0.017578125
38 0.1515625 0.55234375 0.05625 0.020703125
86 0.31875 0.5765625 0.109765625 0.053515625
78 0.58125 0.58671875 0.037890625 0.026171875
38 0.1421875 0.5875 0.05625 0.04375
78 0.62265625 0.5890625 0.039453125 0.030859375
78 0.5484375 0.5890625 0.031640625 0.02890625
38 0.20390625 0.5890625 0.059375 0.044140625
27 0.534375 0.6828125 0.18046875 0.034375
46 0.3015625 0.88046875 0.206640625 0.035546875
56 0.8359375 0.2421875 0.10859375 0.227734375
56 0.7109375 0.2453125 0.109375 0.224609375
85 0.3359375 0.2609375 0.041015625 0.02890625
85 0.42265625 0.26171875 0.038671875 0.03125