50 0.1 0.246875 0.12578125 0.05625
50 0.1609375 0.29140625 0.0953125 0.04609375
86 0.35078125 0.2921875 0.1328125 0.08515625
50 0.06015625 0.296875 0.10703125 0.0421875
56 0.8609375 0.3125 0.1359375 0.1875
23 0.71875 0.33828125 0.14609375 0.13671875
86 0.35625 0.37109375 0.159375 0.06953125
58 0.06328125 0.4578125 0.1140625 0.04375
24 0.184375 0.5125 0.17109375 0.12421875
13 0.3203125 0.53125 0.1125 0.08515625
64 0.05078125 0.5640625 0.09375 0.05234375
86 0.30390625 0.06953125 0.13125 0.05390625
50 0.5296875 0.8703125 0.08359375 0.03984375
50 0.384375 0.8765625 0.10234375 0.0453125
50 0.6125 0.8765625 0.078125 0.0453125
13 0.6953125 0.878125 0.08515625 0.03984375
13 0.90390625 0.878125 0.08515625 0.0453125
86 0.30390625 0.121875 0.13046875 0.05