64 0.7862272240085746 0.0600154817196618 0.15123258306538057 0.04633797784923187
50 0.5271346909610575 0.5823210670477551 0.061200428724544384 0.041669643920447856
50 0.554930332261522 0.6302786709539121 0.07528581636298678 0.06084613552459206
43 0.6467845659163988 0.6398535191139694 0.057690246516613065 0.043893652494938554
43 0.6578063594140765 0.6893473859711802 0.09891925687745631 0.0692896272478265
13 0.6192568774562344 0.8325116112897465 0.08698642372275822 0.07147790877694436
65 0.7898177920685959 0.844563534595689 0.07721507681314764 0.06816422531856597
65 0.7139514112182923 0.8518578063594142 0.07840300107181133 0.06782481838751936
63 0.7682743837084673 0.9011909015124451 0.08590568060021446 0.05618375610337004
63 0.8521614862450876 0.911956651184947 0.07316898892461568 0.05833035607955222
63 0.7236155769917827 0.9429855900916995 0.08565559128260102 0.0686018816243897
63 0.63361914969632 0.9391211146838156 0.08983565559128254 0.0724276527331189
63 0.8072525902107897 0.9481243301178993 0.08632547338335121 0.05660652614028842
63 0.9086459449803501 0.9557877813504824 0.08626295105394785 0.06422234131237363