85 0.2795501772399462 0.2843234323432343 0.06042965407651869 0.06364136413641364
85 0.3343417675100843 0.29998166483315 0.08751986309742091 0.05001833516685005
85 0.35392983742818723 0.3289512284561789 0.0896131279794646 0.06205537220388705
28 0.38849162694047185 0.4668500183351668 0.16475675345312313 0.05592225889255596
28 0.38299107688546635 0.5037953795379537 0.16863769710304366 0.03838467180051349
38 0.21247402518029582 0.5334066740007334 0.03700647842562033 0.020590392372570748
38 0.1562156215621562 0.5350385038503851 0.04481420364258645 0.02011367803447008
74 0.5909729861875077 0.556013934726806 0.04021513262437366 0.018261826182618162
82 0.8706759564845372 0.5684451778511184 0.023896834127856925 0.022478914558122547
74 0.6279794646131279 0.560964429776311 0.03489793423786824 0.019261092775944254
82 0.8218738540520718 0.5695819581958196 0.027762498472069526 0.015649064906490675
82 0.7542170883755042 0.5665749908324166 0.023300941205231747 0.017510084341767467
82 0.7862425131402029 0.5721305463879721 0.02559283706148408 0.02378987898789873
86 0.2991993643808825 0.5570957095709571 0.12940044004400444 0.06876604327099375
82 0.8421036548099253 0.5812247891455813 0.03830521941083011 0.022295562889622218
82 0.7083791712504584 0.576934360102677 0.03838161593937168 0.02435826916024947
74 0.5746546876909914 0.5726439310597726 0.0623090086786458 0.02542170883755044
74 0.6265432098765432 0.5774294096076275 0.027670822637819267 0.0131738173817382
82 0.7461496149614961 0.5835716905023836 0.03361447255836706 0.01796846351301801
82 0.803905390539054 0.5861386138613862 0.040108177484415086 0.015374037403740274
38 0.19661410585502995 0.55997433076641 0.0388094364992055 0.013668866886688618
38 0.13702481359247037 0.5622845617895122 0.05691541376359862 0.02435826916024947
38 0.18692702603593692 0.5760726072607261 0.044004400440044035 0.020489548954895614
38 0.12250947316953917 0.5748624862486249 0.06021574379660192 0.024504950495049544
86 0.2981298129812981 0.6082874954162083 0.11801735729128471 0.06167033370003674
78 0.5749602738051582 0.6313348001466813 0.0410402151326243 0.02941877521085443
38 0.1112333455567779 0.6115511551155116 0.06111722283339445 0.048844884488448696
78 0.6185979709082019 0.6357535753575357 0.04287373181762628 0.03444261092775951
78 0.5402151326243735 0.6322698936560323 0.034546510206576266 0.032013201320131975
38 0.1763537464857597 0.6160982764943161 0.06443283217210612 0.04940410707737437
27 0.521696614105855 0.7306197286395306 0.1919386383082752 0.044774477447744765
46 0.26809069795868473 0.9284378437843784 0.21962474025180298 0.04724055738907217
56 0.8574135191296908 0.27942794279427946 0.12359430387483175 0.24560872753942062
56 0.7252780833638919 0.27686101943527686 0.12429715193741606 0.2423450678401173
85 0.328627307175162 0.2757609094242758 0.04444750030558617 0.03245324532453248
85 0.4201809069795868 0.2806563989732307 0.04206392861508376 0.034818481848184854