85 0.30526881720430105 0.2668817204301075 0.060833333333333385 0.06094086021505372
85 0.36016129032258065 0.2809856630824373 0.08688172043010754 0.04702508960573478
85 0.3821505376344086 0.3088530465949821 0.08927419354838713 0.058754480286738395
28 0.42973118279569894 0.4427777777777778 0.16244623655913984 0.051120071684587834
28 0.42811827956989246 0.47897849462365594 0.16572580645161292 0.033879928315412054
38 0.26521505376344084 0.511594982078853 0.036720430107526854 0.019336917562723908
38 0.21064516129032257 0.5144086021505376 0.04432795698924734 0.01870071684587812
74 0.635752688172043 0.5254659498207885 0.03978494623655926 0.01698924731182791
82 0.9091397849462367 0.5315412186379929 0.02397849462365611 0.021469534050179245
74 0.6722580645161289 0.5294982078853047 0.03462365591397854 0.018082437275985658
82 0.861774193548387 0.5337096774193548 0.02755376344086046 0.014704301075268829
82 0.7956451612903225 0.5322401433691756 0.023252688172043134 0.016621863799283133
82 0.8273655913978495 0.5369713261648745 0.025672043010752443 0.02271505376344092
86 0.35198924731182796 0.5328494623655914 0.12830645161290316 0.06445340501792114
82 0.8826344086021506 0.544641577060932 0.03803763440860203 0.020976702508960443
82 0.7520967741935484 0.5433512544802866 0.03817204301075281 0.02299283154121851
74 0.6215591397849463 0.5420609318996416 0.06155913978494636 0.02351254480286739
74 0.6725268817204302 0.5456093189964157 0.027392473118279595 0.012284946236559152
82 0.7895161290322581 0.5490143369175627 0.03333333333333327 0.016845878136200552
82 0.8459677419354839 0.550268817204301 0.03959677419354831 0.014166666666666617
38 0.25247311827956986 0.5378853046594982 0.03827956989247314 0.012526881720430084
38 0.19473118279569895 0.5414336917562723 0.05626344086021504 0.022589605734766895
38 0.2446774193548387 0.5538172043010753 0.043548387096774194 0.019086021505376406
38 0.18188172043010756 0.5540322580645162 0.05948924731182795 0.02266129032258057
86 0.3561290322580645 0.5828673835125449 0.1169892473118279 0.057759856630824405
78 0.6277956989247312 0.5993727598566307 0.040913978494623665 0.027885304659498213
38 0.1746236559139785 0.5901075268817204 0.06107526881720431 0.046451612903225734
78 0.6706989247311829 0.6027419354838709 0.0428494623655913 0.032759856630824404
78 0.5940860215053763 0.6010394265232974 0.034650537634408625 0.03056451612903233
38 0.23844086021505378 0.5931362007168458 0.0643279569892473 0.04692652329749102
27 0.5860215053763441 0.6974910394265234 0.18865591397849468 0.039623655913978394
46 0.35930107526881716 0.8961827956989247 0.215752688172043 0.041433691756272366
56 0.8669892473118279 0.2495698924731183 0.1277688172043011 0.23757168458781366
56 0.7381720430107527 0.2499283154121864 0.12836021505376333 0.2343637992831541
85 0.35215053763440857 0.25745519713261644 0.04432795698924734 0.03077956989247318
85 0.4417204301075269 0.2602508960573477 0.04206989247311834 0.0331451612903226