64 0.7799768518518518 0.083125 0.14821180555555546 0.07174479166666665
50 0.5357696759259258 0.5975520833333333 0.06003472222222221 0.04135416666666671
50 0.5634548611111111 0.64453125 0.07399016203703716 0.060182291666666644
43 0.6527951388888888 0.6551562499999999 0.05665798611111121 0.04346354166666657
43 0.664212962962963 0.7033854166666667 0.09706307870370381 0.06872395833333336
13 0.6288425925925927 0.8418749999999999 0.08550636574074062 0.07067708333333336
65 0.7946527777777778 0.8560416666666667 0.0759693287037038 0.06731770833333321
65 0.7210821759259259 0.86203125 0.07711805555555565 0.06700520833333315
63 0.7745486111111111 0.9107291666666667 0.084236111111111 0.05580729166666672
63 0.8561689814814815 0.9223958333333332 0.07189814814814817 0.05770833333333343
63 0.7317824074074075 0.9506770833333335 0.08417245370370381 0.06786458333333342
63 0.6443287037037037 0.945625 0.08828703703703696 0.07164062499999986
63 0.8130787037037038 0.9568749999999999 0.08464988425925953 0.05622395833333336
63 0.9116550925925926 0.96578125 0.08469907407407398 0.06361979166666672