38 0.75078125 0.375 0.1328125 0.062890625
38 0.753125 0.4421875 0.147265625 0.065234375
82 0.575 0.51875 0.021875 0.015625
82 0.6640625 0.52421875 0.01640625 0.0140625
82 0.64296875 0.525 0.0234375 0.01328125
82 0.58984375 0.52578125 0.021875 0.013671875
82 0.6125 0.52734375 0.02421875 0.0125
82 0.5734375 0.53828125 0.021484375 0.0109375
82 0.62109375 0.5390625 0.017578125 0.009765625
82 0.59765625 0.53984375 0.01875 0.0109375
13 0.2640625 0.70234375 0.07890625 0.034375
13 0.43046875 0.71640625 0.079296875 0.0484375
13 0.184375 0.721875 0.075390625 0.046484375
13 0.325 0.73125 0.08203125 0.065234375
26 0.59140625 0.75 0.0515625 0.108984375
26 0.5515625 0.7515625 0.053125 0.1125
13 0.23671875 0.75546875 0.079296875 0.066796875
26 0.62578125 0.76796875 0.046875 0.076171875
50 0.39765625 0.7703125 0.0890625 0.06015625
26 0.653125 0.77109375 0.03203125 0.048046875
56 0.665625 0.16640625 0.090234375 0.238671875
56 0.5703125 0.18125 0.097265625 0.209765625
24 0.871875 0.18984375 0.1875 0.184375
78 0.4453125 0.26484375 0.068359375 0.023046875
78 0.47421875 0.3015625 0.04375 0.02890625
78 0.40625 0.31953125 0.050390625 0.042578125