50 0.08821007502679529 0.227438370846731 0.13027867095391213 0.06362986780993213
50 0.15023222579492676 0.2704715969989282 0.09877337144218175 0.051786352268667374
86 0.3455579373585805 0.26259378349410506 0.13795403120161956 0.09369417649160414
50 0.05032154340836013 0.27983208288674527 0.10064308681672025 0.048052876027152594
56 0.8701679171132547 0.2601643444087174 0.14272954626652384 0.19914255091103966
23 0.7234726688102894 0.2931939978563773 0.15240562105513875 0.1473561986423723
86 0.34998213647731335 0.34353340478742406 0.1650470406097416 0.07883172561629158
58 0.05311420745504347 0.4460521614862451 0.10622841491008694 0.05001786352268663
24 0.1709777301417173 0.49689174705251876 0.17793854948195784 0.13563772775991426
13 0.3105632964153865 0.5099678456591641 0.1170537096582112 0.09276527331189718
64 0.04028224365844945 0.5551089674883887 0.0805644873168989 0.056984637370489484
86 0.30072049541502915 0.03563772775991425 0.13586995355484094 0.06146838156484459
50 0.5208288674526617 0.8492675955698463 0.08662022150768126 0.04481957842086453
50 0.3712159104442062 0.8623436941764916 0.10599618911516018 0.05130403715612707
50 0.6059425985471001 0.8519113969274741 0.08107657496725021 0.05019649874955333
13 0.6911277837322853 0.8497320471596999 0.0882279385494819 0.04489103251161128
13 0.905758008812671 0.8401929260450162 0.08831130165535328 0.050518042157913536
86 0.29992259140169103 0.08949624866023581 0.1350065499583185 0.05741336191496963