86 0.7471725080785483 0.053486204325130494 0.12857320407655967 0.07662192393736017
86 0.6281382053194134 0.053355704697986575 0.11869251802137712 0.0814317673378076
28 0.504878200347999 0.09755779269202088 0.1317890877454636 0.11818605518269949
86 0.7506214267959234 0.12397464578672632 0.12653803131991065 0.06693698732289337
28 0.37820034799900576 0.11737509321401937 0.15631991051454142 0.06759880686055184
86 0.6307481978622919 0.12382550335570469 0.11309967685806609 0.06621923937360179
74 0.26556674123788215 0.6748135719612229 0.034908650260999236 0.037239000745712174
74 0.30179592344021877 0.6798098434004474 0.04581469052945561 0.07142990305741997
74 0.3811831966194382 0.6958240119313944 0.03958488690032317 0.050335570469798654
74 0.24276037782749188 0.6927479492915734 0.02690778026348501 0.04753914988814305
74 0.4332276907780263 0.6978187919463087 0.07133979617201086 0.036372110365398815
74 0.2710352970420085 0.7093027591349739 0.04847129008202838 0.02999627143922439
74 0.22216007954262984 0.747613721103654 0.04637397464578677 0.0752143922445936
74 0.41694630872483224 0.7561334824757644 0.05543127019637092 0.059489187173750874
21 0.7039833457618693 0.7658650260999255 0.21575938354461846 0.11083146905294554
74 0.31733159333830474 0.7597874720357942 0.150121178225205 0.06997576435495893