86 0.31859592711682744 0.14469453376205788 0.10255448374419436 0.1225735381683935
78 0.6603072525902108 0.4193461950696678 0.030903894247945613 0.045284030010718235
78 0.6954983922829583 0.42205549601048 0.03481600571632728 0.04302131713707273
64 0.37057877813504825 0.45575800881267114 0.09042515183994278 0.08440514469453377
78 0.661003929974991 0.4578420864594499 0.04876741693461957 0.049958318447064526
78 0.6990175062522329 0.4692747409789211 0.029296177206144972 0.04522448493509576
50 0.4034655234012147 0.6728295819935691 0.05980707395498391 0.08166607121591046
56 0.8249017506252234 0.6885197094200309 0.06359414076455894 0.27521733952602123
56 0.8845480528760271 0.7007562224604025 0.08108252947481254 0.28950815767536037
56 0.9427652733118971 0.7090329879718946 0.061164701679171186 0.29278313683458373
13 0.22968917470525188 0.7547040609741574 0.07315112540192927 0.11105156603548878
13 0.31307609860664526 0.7564308681672026 0.07642015005359051 0.09431939978563766
13 0.3910146480886031 0.754346790520424 0.07783136834583787 0.10801476717875437
86 0.2230975348338692 0.12656305823508396 0.10650232225794921 0.15722877218054063
23 0.6916398713826366 0.1116172442539002 0.1149160414433726 0.14790996784565916
23 0.7984458735262594 0.11006907228772181 0.08803143979992842 0.1388888888888889