63 0.35390625 0.16328125 0.06015625 0.1015625
63 0.29765625 0.16875 0.059375 0.07734375
63 0.415625 0.18046875 0.04921875 0.0640625
78 0.39140625 0.1984375 0.03671875 0.0265625
38 0.90234375 0.2078125 0.03828125 0.025
38 0.040625 0.2078125 0.06640625 0.0484375
38 0.86875 0.21640625 0.02734375 0.02421875
38 0.83515625 0.22421875 0.0328125 0.0265625
50 0.80546875 0.22578125 0.0328125 0.04609375
43 0.353125 0.29453125 0.05234375 0.0703125
50 0.71953125 0.2984375 0.03125 0.053125
82 0.68125 0.303125 0.0484375 0.04921875
43 0.31796875 0.35078125 0.0484375 0.06796875
82 0.41171875 0.3625 0.02734375 0.0421875
82 0.37265625 0.36796875 0.05078125 0.078125
16 0.47421875 0.36796875 0.090625 0.07578125
82 0.58515625 0.38203125 0.0109375 0.02109375
82 0.565625 0.384375 0.015625 0.02421875
77 0.68515625 0.3921875 0.1421875 0.03125
50 0.41015625 0.39453125 0.028125 0.02890625
50 0.5359375 0.39609375 0.04140625 0.02890625
64 0.91015625 0.4265625 0.1703125 0.16484375
69 0.54375 0.48671875 0.0578125 0.06796875
52 0.1765625 0.49453125 0.14765625 0.1578125
50 0.49375 0.496875 0.03984375 0.053125
56 0.07265625 0.50390625 0.05078125 0.17734375
56 0.02421875 0.5078125 0.04453125 0.196875
50 0.69609375 0.55 0.025 0.03359375
69 0.95859375 0.5515625 0.0828125 0.0828125
24 0.59921875 0.55625 0.075 0.1015625
50 0.65234375 0.58984375 0.03046875 0.040625
67 0.60078125 0.7859375 0.03984375 0.02890625
67 0.55 0.79453125 0.0265625 0.03359375
67 0.5703125 0.8421875 0.03125 0.0390625
56 0.8609375 0.85625 0.0625 0.2875
16 0.68125 0.86015625 0.121875 0.065625
67 0.59609375 0.8640625 0.0296875 0.034375
78 0.47734375 0.11328125 0.0203125 0.0390625
78 0.45 0.121875 0.0265625 0.05390625
78 0.5 0.12734375 0.03671875 0.0359375
78 0.47265625 0.1390625 0.02109375 0.0390625
78 0.52109375 0.14921875 0.02421875 0.025
78 0.44140625 0.15078125 0.0328125 0.02734375
13 0.96171875 0.1546875 0.07265625 0.0875