82 0.8158576665402604 0.10335608646188851 0.13683478700543553 0.17349260523321958
82 0.6944634053849071 0.11259006446719756 0.11928011629376818 0.1390121350018961
82 0.5709202376437871 0.11325369738339022 0.11307988876248264 0.14270951839211227
22 0.29506383516622425 0.15144103147516116 0.3765295158639868 0.06248577929465303
26 0.5598912906080141 0.37720894956389833 0.1325022121097205 0.05706295032233595
78 0.26945392491467574 0.3971748198710656 0.04747187460498045 0.11014410314751608
78 0.2123751738086209 0.39761092150170646 0.07903868031854379 0.1436575654152445
26 0.5349702945266085 0.48830109973454683 0.07819807862469988 0.06991846795601053
78 0.18787763873088106 0.48399696624952604 0.09504487422576162 0.09074706105422814
26 0.6077613449627102 0.4950322335987865 0.06603779547465548 0.0572904816078877
78 0.27031980786246995 0.4960561243837694 0.062002275312855584 0.07808115282518
78 0.16868916698268233 0.5577171027682972 0.03691063076728604 0.06260902540766018
78 0.22885855138414865 0.5675767918088738 0.07308810517001639 0.08642396662874469
78 0.281867020604222 0.6036973833902162 0.06797497155858927 0.07821387940841854
78 0.18794084186575655 0.6331437239287069 0.0624889394513968 0.08746681835419023
78 0.2469220073315636 0.6693970420932878 0.07096131968145626 0.07828024270003799
52 0.44509543673366203 0.9008911642017444 0.5240930350145369 0.1982176715965112
52 0.8690241435975223 0.9045316647705726 0.2564403994438124 0.1909366704588548