28 0.3628081457663452 0.2714659997618197 0.06898297010837201 0.04164284863641778
13 0.19149696320114326 0.292443729903537 0.0650738358937716 0.07710194116946528
50 0.524627843277361 0.28081457663451237 0.047877218054066965 0.05737763486959625
13 0.4420685959271169 0.2891270691913779 0.051756579730856137 0.06198642372275811
28 0.3658508991306419 0.30920566869119925 0.09387578897225199 0.035721090865785406
13 0.24505180421579134 0.3525604382517566 0.0685512683101108 0.08168988924615937
13 0.1832499702274622 0.3573776348695963 0.06148922234131237 0.09775217339526018
52 0.41906037870668095 0.44513516732166253 0.09457246635703219 0.1150946766702393
13 0.6450934857687269 0.5583958556627366 0.04406335596046204 0.040350720495414924
13 0.6893057044182447 0.5561033702512803 0.05159283077289515 0.06598487555079205
13 0.5813564368226747 0.5713766821483863 0.052819459330713484 0.0596373704894605
26 0.39103251161128977 0.5844706442777182 0.023800166726211765 0.03649517684887467
26 0.4097594378944861 0.5875312611647017 0.019688579254495648 0.04149100869358116
26 0.4608312492556865 0.5921400500178635 0.021180183398832864 0.04637668214838627
26 0.44016910801476716 0.59724306299869 0.026795284030010656 0.07351435036322497
26 0.42693223770394184 0.6051863760866977 0.020685959271168286 0.051560080981302846
26 0.3754852923663213 0.6078539954745743 0.016505894962486577 0.06216208169584374
26 0.3530725259021079 0.610628795998571 0.03139216386804815 0.04289924973204726
13 0.6297427652733119 0.598701917351435 0.050148862689055676 0.0619030606168869
26 0.3929855900916994 0.6174288436346314 0.021337977849231898 0.028754317017982742
26 0.4774383708467309 0.6138561390972967 0.022746218887697994 0.05928010003572711
13 0.6881445754436107 0.6045432892699774 0.04891330236989396 0.047814695724663424
26 0.40887817077527683 0.6270870549005597 0.019566511849470083 0.03266940574014529
26 0.36088483982374653 0.6336072406811956 0.019539716565440096 0.025455519828510062
82 0.7007264499225914 0.7216148624508752 0.04766285578182689 0.05376027152554481
85 0.49225914016910804 0.7687090627605097 0.05238180302488976 0.08606049779683224
82 0.6092473502441348 0.7698999642729547 0.043789448612599674 0.0627753959747529
43 0.3842146004525426 0.7823746576158152 0.06095927116827442 0.07528581636298678
43 0.43972847445516255 0.780302488984161 0.056279028224365896 0.07744730260807431
82 0.6858997260926523 0.7707633678694772 0.049419435512683 0.06987912349648694
82 0.6458020721686316 0.7744551625580565 0.035393592949863065 0.0563296415386448
82 0.7181969751101583 0.7715076813147553 0.02603310706204603 0.06065261402881983