38 0.7335970464135021 0.3758497421472105 0.1382676980778246 0.0646829582747304
38 0.731938584153774 0.44390529770276604 0.15304442100328164 0.06716479137365225
82 0.5469643694327239 0.5201007969995312 0.023089545241444003 0.015986872948898216
82 0.6368260665729021 0.5263068448195031 0.017457805907172948 0.014363572433192695
82 0.6154184247538678 0.526939756211908 0.024531176746366533 0.013625175808720073
82 0.561574074074074 0.5273323956868261 0.022972339428035563 0.014009024847632393
82 0.5844233473980309 0.5290846225972808 0.02527543366150967 0.012839896858884075
82 0.5442100328176278 0.5398675574308486 0.022412681669010767 0.011237107360525075
82 0.5924226441631506 0.5410161744022504 0.01838666197843424 0.010021097046413562
82 0.5686415846225973 0.5416315049226442 0.019643694327238614 0.011216596343178734
13 0.22107360525082045 0.7036861228316925 0.08196788560712613 0.03540201593999064
13 0.3887423816221285 0.7191748710736052 0.08320733708391934 0.04964545241443973
13 0.13920534458509143 0.7228668541959681 0.07913443506797935 0.047638302859821895
13 0.28104781997187056 0.7334153774027192 0.08698429442100333 0.06667545710267234
26 0.5497011251758087 0.7544010782934834 0.05875527426160336 0.1107507032348804
26 0.5092592592592593 0.7556844819503048 0.06054852320675103 0.11432255039849973
13 0.19019573370839193 0.7572784810126583 0.0843090717299578 0.06823722456633848
26 0.5834329582747304 0.7728551336146273 0.052039381153305246 0.07748769338959205
50 0.3522796530707923 0.7735173464603844 0.09379981247069855 0.0615857946554149
26 0.6109353023909986 0.7762248007501172 0.03531997187060492 0.04889533520862627
56 0.6598804500703236 0.16397679324894515 0.10569913267698067 0.24236990154711674
56 0.562470698546648 0.1782934833567745 0.11108473980309418 0.21315049226441632
24 0.8673347398030943 0.18925808720112516 0.20093764650726656 0.1881153305203938
78 0.4308720112517581 0.26200773558368495 0.07060771214252229 0.02385138302859813
78 0.45794069385841535 0.2994081106422879 0.04603844350679788 0.029600328176277536
78 0.38803328645100793 0.31709446788560713 0.05358356774496011 0.04349507735583683