64 0.778125 0.03125 0.14453125 0.062109375
50 0.50234375 0.5640625 0.0578125 0.0375
50 0.52734375 0.609375 0.070703125 0.05546875
43 0.61640625 0.6140625 0.054296875 0.03984375
43 0.625 0.66171875 0.093359375 0.0625
13 0.58125 0.803125 0.081640625 0.065234375
65 0.746875 0.80625 0.072265625 0.0625
65 0.67265625 0.8171875 0.0734375 0.062109375
63 0.7234375 0.8625 0.08125 0.050390625
63 0.8046875 0.86875 0.06875 0.053125
63 0.678125 0.90546875 0.08046875 0.0625
63 0.590625 0.90625 0.084375 0.066015625
63 0.759375 0.90625 0.081640625 0.05078125
63 0.8578125 0.90859375 0.08125 0.058203125