63 0.34809438470728793 0.14596774193548387 0.06520310633213859 0.10483870967741936
63 0.2898626045400239 0.15161290322580645 0.06365591397849459 0.07983870967741935
63 0.4112783751493429 0.16370967741935483 0.0527658303464756 0.06612903225806452
78 0.3857287933094385 0.18225806451612903 0.038715651135005975 0.027419354838709678
38 0.9128614097968936 0.19193548387096773 0.04028076463560322 0.025806451612903226
38 0.028990442054958186 0.19112903225806452 0.05798088410991637 0.05
38 0.8779211469534051 0.20080645161290323 0.028966547192353868 0.025
38 0.8430047789725209 0.20887096774193548 0.03468339307048976 0.027419354838709678
50 0.8123118279569892 0.21048387096774193 0.03528076463560337 0.04758064516129032
43 0.34327359617682196 0.2814516129032258 0.056182795698924794 0.07258064516129033
50 0.7213799283154122 0.2854838709677419 0.033882915173237764 0.054838709677419356
82 0.6817204301075268 0.2903225806451613 0.05150537634408612 0.050806451612903224
43 0.30526284348864996 0.3395161290322581 0.052078853046594986 0.07016129032258064
82 0.40167861409796896 0.35161290322580646 0.029516129032258084 0.043548387096774194
82 0.3611887694145759 0.357258064516129 0.054808841099163653 0.08064516129032258
16 0.4660274790919952 0.357258064516129 0.09586618876941459 0.07822580645161291
82 0.5801135005973715 0.3717741935483871 0.011935483870967888 0.021774193548387097
82 0.5598805256869773 0.3741935483870968 0.016869772998805297 0.025
77 0.6830286738351254 0.38225806451612904 0.14772998805256873 0.03225806451612903
50 0.39908602150537636 0.38467741935483873 0.02991636798088408 0.029838709677419355
50 0.5288769414575867 0.38629032258064516 0.04362604540023892 0.029838709677419355
64 0.9070011947431303 0.41693548387096774 0.16630824372759853 0.1693548387096774
69 0.5341696535244922 0.4798387096774194 0.06175627240143369 0.07016129032258064
52 0.1548984468339307 0.4879032258064516 0.15724611708482675 0.1629032258064516
50 0.48224611708482673 0.49032258064516127 0.04275388291517325 0.054838709677419356
56 0.0473536439665472 0.4975806451612903 0.057843488649940274 0.18306451612903227
56 0.011009557945041815 0.5016129032258064 0.02201911589008363 0.2032258064516129
50 0.6894922341696536 0.5451612903225806 0.02683393070489853 0.03467741935483871
69 0.9507586618876941 0.5459677419354839 0.06866188769414558 0.08548387096774193
24 0.5893010752688173 0.5516129032258065 0.08052568697729978 0.10483870967741936
50 0.6431123058542413 0.5862903225806452 0.03269414575866177 0.041935483870967745
67 0.5838888888888889 0.7887096774193548 0.042013142174432465 0.029838709677419355
67 0.5312066905615294 0.7975806451612903 0.028446833930704983 0.03467741935483871
67 0.5507168458781362 0.8467741935483871 0.03345280764635607 0.04032258064516129
56 0.8504301075268818 0.8564516129032258 0.07302270011947448 0.2870967741935484
16 0.6646833930704898 0.8653225806451613 0.12781362007168473 0.06774193548387097
67 0.5766606929510155 0.8693548387096774 0.03169653524492245 0.035483870967741936
78 0.4770430107526881 0.09435483870967742 0.022162485065710905 0.04032258064516129
78 0.4485543608124253 0.1032258064516129 0.029068100358422784 0.055645161290322584
78 0.5 0.10887096774193548 0.03900238948626041 0.037096774193548385
78 0.471415770609319 0.12096774193548387 0.022968936678614132 0.04032258064516129
78 0.5211051373954599 0.1314516129032258 0.025764635603345156 0.025806451612903226
78 0.43879928315412187 0.13306451612903225 0.034707287933094313 0.028225806451612902
13 0.9669056152927121 0.13709677419354838 0.06074074074074067 0.09032258064516129