25 0.8573538168393474 0.14422412766464213 0.2852923663213053 0.10976539240204834
25 0.5873526259378349 0.2720495415029177 0.1681939978563773 0.030299511730379928
38 0.17356794093128497 0.3116470167917113 0.1367035846135525 0.06472847445516249
50 0.7179707038227938 0.3212456829820174 0.09348874598070736 0.08956770275098248
86 0.19744551625580564 0.3873228534000238 0.09620400142908184 0.02213885911635115
86 0.18632845063713233 0.4061450518042158 0.1424288436346314 0.023910325116112963
86 0.383273788257711 0.4003096343932357 0.059696915565082796 0.030299511730379838
28 0.36951887578897225 0.4972013814457544 0.06787840895557934 0.04983029653447673
55 0.2702095986661903 0.5499940454924378 0.17900440633559603 0.024994045492437788
56 0.5822615219721329 0.5616529712992736 0.08306538049303334 0.14712397284744563
55 0.2969751101583899 0.581362391330237 0.22843872811718474 0.026056925092294767
56 0.6836906037870668 0.5779445039895201 0.08313683458377992 0.15677027509824948
56 0.6467309753483387 0.5814517089436704 0.07649458139811834 0.18229129450994416
56 0.7169584375372157 0.618768607836132 0.0885226866738121 0.12438073121352851