25 0.8364364364364365 0.09104729729729731 0.318018018018018 0.12493743743743743
25 0.538526026026026 0.2341591591591592 0.17789977477477467 0.03706519019019016
38 0.10207082082082082 0.2886511511511512 0.14646521521521522 0.0722503753753754
50 0.6724599599599599 0.2817942942942943 0.10228040540540533 0.09699699699699699
86 0.12240365365365365 0.36743618618618623 0.10198010510510512 0.02625125125125121
86 0.10957207207207209 0.38756256256256255 0.15056619119119122 0.029551426426426372
86 0.31649774774774775 0.3753003003003003 0.06405467967967972 0.03368681181181178
28 0.2960397897897898 0.4775525525525525 0.07355167667667668 0.05445758258258267
55 0.18859484484484482 0.5361236236236235 0.18899524524524525 0.031828703703703734
56 0.5151589089089089 0.5386636636636637 0.09403153153153165 0.15713213213213198
55 0.21471471471471473 0.5682557557557557 0.24091591591591588 0.03448448448448447
56 0.6205267767767768 0.5526276276276276 0.09455705705705703 0.1672672672672673
56 0.581544044044044 0.5574637137137136 0.08877940440440434 0.19386886886886875
56 0.6528778778778779 0.5944944944944945 0.09869557057057061 0.13341153653653645