28 0.5820069204152248 0.5024990388312188 0.1138888888888889 0.10420030757400997
28 0.532160707420223 0.633596052800205 0.22661476355247984 0.07822311931308466
13 0.24579008073817762 0.7465077534281687 0.13999423298731262 0.07239202870690763
13 0.3553633217993079 0.7732666922978342 0.13648596693579396 0.07020376778162246
50 0.1369281045751634 0.8295975906702551 0.1478469819300269 0.05601691657054972
38 0.5187043444828913 0.06698064846853774 0.19779892349096503 0.06590093553761374
38 0.7169742406766628 0.11515442778418558 0.198558246828143 0.02222863001409713
38 0.5099384851980008 0.13956811482763037 0.1951364859669358 0.08231449442522108
86 0.6526336024605921 0.25565808022555425 0.1544502114571319 0.08071575035242862
86 0.7980007689350249 0.25846469306676917 0.13931180315263345 0.08060361399461748
86 0.5458285274894271 0.2756247597078047 0.13890811226451366 0.04297706010508786
28 0.07806612841214919 0.36038062283737027 0.14313725490196078 0.1359861591695502
47 0.6260668973471741 0.38346789696270667 0.3761341791618608 0.09273676790977828