28 0.14168595679012347 0.5181134259259259 0.15178112139917696 0.03503086419753091
28 0.14699074074074076 0.614429012345679 0.15805041152263374 0.052083333333333336
56 0.9529963991769547 0.6086805555555556 0.06446116255144022 0.08946759259259254
62 0.7441486625514403 0.6228780864197532 0.08011831275720166 0.03213734567901246
28 0.17348251028806583 0.6729166666666667 0.10230195473251029 0.045640432098765435
50 0.6538065843621399 0.6935185185185185 0.044061856995884656 0.03046874999999992
50 0.6078317901234568 0.6954089506172839 0.0588188014403291 0.019087577160493967
50 0.5601530349794239 0.6982060185185186 0.04137731481481488 0.028240740740740716
50 0.6050668724279835 0.7145833333333333 0.08002186213991773 0.029533179012345794
56 0.8777327674897121 0.7345871913580247 0.06573109567901231 0.08862847222222214
38 0.8713027263374485 0.2560378086419753 0.08367091049382719 0.03438464506172837
38 0.9864969135802468 0.2533564814814815 0.02700617283950635 0.04074074074074079
47 0.5395769032921811 0.28339120370370374 0.14096257716049385 0.023948688271604998
86 0.6875 0.28966049382716047 0.0645254629629629 0.020949074074074068
86 0.7567515432098766 0.30636574074074074 0.06968557098765436 0.019762731481481468
86 0.9263117283950617 0.35733024691358023 0.1370241769547324 0.046412037037037064
86 0.9903227880658435 0.372241512345679 0.019354423868312962 0.05281635802469135
55 0.6077674897119342 0.41219135802469137 0.10942322530864207 0.027150848765432143