56 0.6890625 0.7328125 0.084375 0.1625
56 0.73046875 0.8875 0.133203125 0.13125
86 0.2015625 0.25234375 0.090234375 0.0109375
86 0.221875 0.2640625 0.096484375 0.031640625
86 0.49609375 0.28046875 0.10625 0.059375
86 0.29921875 0.284375 0.067578125 0.077734375
86 0.2234375 0.2875 0.096484375 0.027734375
86 0.2421875 0.309375 0.090625 0.028515625
86 0.5515625 0.32265625 0.1125 0.0484375
86 0.08125 0.33515625 0.07421875 0.038671875
86 0.19140625 0.340625 0.079296875 0.065234375
86 0.26640625 0.3421875 0.065625 0.053125
38 0.8703125 0.34375 0.143359375 0.11875
50 0.93203125 0.41484375 0.1359375 0.104296875
84 0.36015625 0.45859375 0.066796875 0.03125
50 0.871875 0.59375 0.091015625 0.071875