56 0.7491898148148147 0.7967978395061728 0.10177469135802476 0.18125000000000016
56 0.800925925925926 0.9449009773662552 0.15370370370370365 0.10006430041152233
86 0.1837962962962963 0.26695601851851847 0.10080054012345678 0.012895447530864246
86 0.20694444444444446 0.279809670781893 0.10876736111111113 0.03595036008230452
86 0.5124421296296295 0.2957818930041152 0.12098765432098763 0.06684670781893004
86 0.29388503086419754 0.3017425411522634 0.07892554012345679 0.08692772633744855
86 0.20983796296296298 0.3058384773662552 0.10857445987654321 0.03161008230452684
86 0.23175154320987654 0.3299897119341564 0.10210262345679016 0.03242991255144033
86 0.5761574074074074 0.34220036008230453 0.1273919753086419 0.054745370370370416
86 0.05503472222222223 0.35908564814814814 0.07997685185185184 0.04224537037037043
86 0.17687114197530862 0.36512988683127573 0.09132908950617284 0.0731352880658436
86 0.2602816358024691 0.3662487139917696 0.07554012345679013 0.059567901234567934
38 0.9243947723765432 0.36301440329218104 0.15121045524691348 0.13312435699588476
50 0.9626736111111112 0.44085005144032924 0.07465277777777778 0.1152649176954732
84 0.37019675925925927 0.49481738683127574 0.07576195987654326 0.03527199074074064
50 0.9454475308641975 0.6407793209876543 0.10467785493827167 0.08061021090534976