17 0.669534632034632 0.5149771524771525 0.10822510822510817 0.03601491101491107
17 0.5493145743145743 0.5128066378066378 0.11001082251082249 0.025162337662337664
28 0.7869227994227994 0.6080146705146705 0.1168921356421357 0.06119227994227978
28 0.6615800865800865 0.6169552669552669 0.1097041847041847 0.06608946608946609
28 0.7976731601731601 0.6362012987012987 0.1318722943722944 0.04210557960557962
56 0.2784090909090909 0.6726611351611351 0.08709415584415581 0.17963864838864835
47 0.4607683982683982 0.2189213564213564 0.2536886724386725 0.03301767676767679
47 0.7396103896103896 0.2504449254449254 0.29153138528138517 0.039439033189033246
47 0.461489898989899 0.2961580086580087 0.2836670274170275 0.03213985088985086
47 0.43858225108225113 0.3030964405964406 0.2602002164502164 0.03416606541606543
17 0.6259920634920635 0.39001322751322753 0.13545274170274166 0.03904822029822032
86 0.7749999999999999 0.4497474747474748 0.10472582972582983 0.06096681096681113
86 0.8975468975468975 0.45691438191438194 0.10944264069264045 0.05431998556998557
84 0.8193542568542569 0.4650493025493025 0.07977994227994237 0.0329184704184705