28 0.6086652690426275 0.5246564174237129 0.10280689494525985 0.09695143256464
28 0.5624796179827627 0.645574190542744 0.2054332634521314 0.07563184253435826
13 0.30145003494060096 0.7579140461215933 0.1267470300489168 0.0685854880037271
13 0.4008560447239693 0.7785639412997903 0.1235732587933846 0.06652690426275334
50 0.2019508502212905 0.8371535057069648 0.1339942930351735 0.05386967155835091
38 0.5540647565804798 0.13066037735849056 0.17932681108781726 0.06385686000465876
38 0.7339389704169579 0.16780223619846263 0.18031097134870724 0.024202189610994643
38 0.5456091311437223 0.19697763801537385 0.1767965292336362 0.07871243885394832
86 0.6745166550197996 0.29776380153738646 0.13982937339855575 0.07643838807360825
86 0.8066154204518985 0.29542278127183785 0.1260715117633358 0.07603074772886094
86 0.5773119030980667 0.3195201490798975 0.12595795481015606 0.04184428138830655
28 0.11781970649895179 0.41414511996273 0.19955450733752625 0.12967912881434895
47 0.6495108315863033 0.4149079897507571 0.3412269974376893 0.09183554623806194