17 0.7141126025354213 0.4447986577181208 0.11185682326621936 0.03722346507581412
17 0.5898583146905294 0.45543127019637086 0.11370246085011183 0.026006711409395974
28 0.8354399701715138 0.5281692766592095 0.1208146905294555 0.06324571215510814
28 0.7058911260253542 0.5508078548347005 0.11338553318419091 0.06830723340790454
28 0.846551081282625 0.5560837683320905 0.13629753914988818 0.04351851851851853
56 0.309862043251305 0.6492729306487697 0.0900167785234899 0.18566679095202582
47 0.49834079045488444 0.1618630375341785 0.26220171513795676 0.03412565249813574
47 0.7865398956002982 0.16451652995277155 0.30131431767337813 0.04076249067859807
47 0.4990865026099925 0.24143052448421576 0.29318605518269936 0.033218369376087464
47 0.47541014168530943 0.25103778274919214 0.26893176733780755 0.035312577678349506
17 0.6691088739746458 0.32060029828486203 0.1399981357196122 0.04035856326124785
86 0.823117076808352 0.3662440964454387 0.10824011931394492 0.06301267710663681
86 0.9422445935868755 0.3600671140939597 0.09843400447427306 0.055381556052697005
84 0.8689597315436242 0.37727442207307976 0.08245712155108119 0.03402311707680834