86 0.463752276867031 0.319672131147541 0.09401335761991489 0.04262295081967213
23 0.31194292653309047 0.32295081967213113 0.1338585306618093 0.09180327868852459
25 0.5655555555555556 0.3639344262295082 0.10558894960534297 0.05245901639344262
28 0.43217364905889494 0.37540983606557377 0.1295294474802672 0.05573770491803279
86 0.6994899817850637 0.4524590163934426 0.11791438979963556 0.06885245901639345
27 0.5452641165755919 0.45491803278688525 0.17025804493017613 0.05081967213114754
86 0.6884274438372799 0.5393442622950819 0.12194292653309041 0.07540983606557378
50 0.42591985428051005 0.5434426229508197 0.08450212507589558 0.040983606557377046
82 0.5978081360048574 0.5639344262295082 0.06778384942319358 0.04262295081967213
44 0.5091135397692775 0.5672131147540984 0.12748026715239835 0.05573770491803279
50 0.2396235579842137 0.5795081967213115 0.08337279902853678 0.05081967213114754
56 0.5283910139647845 0.669672131147541 0.09282027929568924 0.10655737704918032