23 0.19595103578154427 0.22347771500313873 0.13606089139987448 0.17951977401129945
86 0.4502573760200879 0.2854676710608914 0.1801161330822347 0.06596045197740116
25 0.6705775266792215 0.35213433772755803 0.2386440677966101 0.10031387319522918
28 0.33808537350910234 0.3593220338983051 0.27924670433145005 0.09673571876961708
86 0.8746453232893913 0.542843691148776 0.12890458254865056 0.15384494664155673
26 0.5948210922787194 0.5435028248587571 0.3859541745134965 0.12440364092906467
50 0.38903327055869436 0.697834274952919 0.12840238543628374 0.11994664155681098
86 0.8651286880100441 0.7273383553044571 0.14256434400502188 0.16112680477087252
44 0.5508160703075957 0.766572504708098 0.25983678593848086 0.15869428750784673
82 0.7346390458254866 0.7784682988072819 0.14769303201506595 0.10710922787193976
56 0.6118769617074702 0.9245762711864407 0.15507846829880736 0.15084745762711865