23 0.3907103825136612 0.3018822100789314 0.14254098360655745 0.10830297510625374
86 0.5433879781420765 0.29951426836672734 0.0988251366120218 0.041272009714632664
25 0.6582513661202185 0.3462052216150577 0.11346994535519131 0.06470856102003644
27 0.6304371584699453 0.4343351548269581 0.19398907103825141 0.06442015786278082
86 0.8002185792349726 0.42969034608378864 0.13155737704918033 0.07846083788706736
50 0.5269945355191258 0.5219793564055859 0.09270491803278681 0.04758652094717677
86 0.7970491803278689 0.5177292046144505 0.13270491803278678 0.08340922890103207
44 0.6191803278688525 0.5489678202792956 0.11357923497267755 0.06634790528233143
50 0.34071038251366115 0.5625683060109289 0.08939890710382509 0.06545233758348502
56 0.6414754098360655 0.649210686095932 0.10259562841530043 0.11009411050394655
24 0.7312021857923496 0.762568306010929 0.1467486338797814 0.08556466302367943