23 0.2193503339404979 0.24679417122040073 0.19183363691560407 0.18972070431086827
86 0.4949241044323011 0.276903460837887 0.1631390406800243 0.0640255009107468
25 0.7142319368548876 0.31486338797814206 0.2083302975106253 0.09578627808136005
28 0.4132726168791742 0.3419793564055859 0.24396478445658767 0.10417122040072856
86 0.9017243472981179 0.481912568306011 0.07059502125075895 0.12950212507589565
26 0.673090467516697 0.5085670916818458 0.34074074074074057 0.12389799635701276
50 0.45786885245901643 0.6644323011536126 0.1282513661202186 0.10961141469338181
86 0.9019004250151791 0.6652519732847602 0.0838069216757742 0.1318214936247722
44 0.6485428051001821 0.7186763812993321 0.15713418336369156 0.11437765634486935
82 0.7966666666666667 0.7208621736490589 0.13297510625379466 0.1065877352762598
56 0.689271402550091 0.9064905889496054 0.16292653309046765 0.12938676381299322