86 0.5175029868578256 0.28043010752688174 0.09298088410991638 0.03856332138590196
23 0.35857228195937874 0.2765292712066906 0.13587216248506565 0.09616188769414569
28 0.4877538829151732 0.33289127837514937 0.11478494623655926 0.06133811230585428
25 0.6248506571087216 0.33695340501792115 0.11051373954599754 0.05799283154121858
26 0.5865890083632019 0.4279569892473118 0.18567801672640394 0.0570011947431303
86 0.7557646356033453 0.4353942652329749 0.11662186379928313 0.0698416965352448
50 0.4658602150537635 0.5084348864994026 0.07205794504181591 0.04397849462365589
86 0.7396356033452808 0.5222043010752688 0.1184886499402628 0.07874850657108731
82 0.6373357228195938 0.5393787335722819 0.08040621266427718 0.05347968936678611
50 0.2699820788530466 0.5341517323775388 0.07655316606929514 0.055779569892473
56 0.5570489844683393 0.6412604540023895 0.09543010752688184 0.10421744324970136
56 0.7877240143369176 0.9422879330943847 0.07626941457586606 0.1008333333333333