23 0.39594628993254427 0.3642293496245386 0.14378579610538364 0.11667303041873495
86 0.5557910143820797 0.3771350388188876 0.10153048237240685 0.045500827287768844
25 0.6734186076110474 0.43732340588010693 0.11563255695558097 0.0703703703703703
27 0.6395443553519155 0.526301387297951 0.20020364006618294 0.07194858088328882
86 0.81740486190658 0.5385579737813415 0.13387743413516623 0.0851851851851852
50 0.5265813923889525 0.6071592210767469 0.09475945017182147 0.051966399389079744
86 0.8093165330278733 0.6299223622247678 0.13481290568919435 0.09039073437698872
44 0.6215540282550592 0.6445462644775359 0.11565801196385388 0.07208858342878956
50 0.32950871834033346 0.6306732849688177 0.09031436935217003 0.07058673794068974
56 0.639442535318824 0.7511836578846888 0.10174048619065797 0.11761486572483139
24 0.7271604938271605 0.8782677866870308 0.14944317169403082 0.09297441771668571