23 0.4091256204658267 0.31848669975817745 0.1450299096347206 0.1158584701540028
86 0.5821560392007127 0.33305332824233164 0.0980654193712614 0.041093928980526856
28 0.5540600738195239 0.38542700776377753 0.12573183148784514 0.05821878579610537
25 0.7003309151075474 0.39576810487463404 0.12046582665139362 0.06664439353442794
72 0.31392388952526407 0.3894679903270969 0.16176657757413773 0.05799923634975187
26 0.6737304314623902 0.4885197912689322 0.1936330660557463 0.06108883797887217
86 0.8516609392898054 0.49636629756904677 0.12619320351279117 0.07067583046964489
50 0.5481417843960799 0.5731895125365916 0.07315133002418236 0.05194094438080704
86 0.8448199058164695 0.5897034491536209 0.12506363752068206 0.0865183912434771
50 0.34672903143693523 0.6032646048109966 0.08802660048364523 0.0596760850197277
56 0.6634211531118748 0.7199185439735268 0.09674494081710594 0.10970790378006877