23 0.41261648745519713 0.3122281959378734 0.13303464755077657 0.11267622461170848
86 0.574778972520908 0.33070489844683393 0.09099163679808839 0.04126344086021502
28 0.5469235364396655 0.3790322580645161 0.11650836320191157 0.058091397849462344
25 0.6840621266427718 0.3928016726403823 0.111326164874552 0.06584528076463561
72 0.321194743130227 0.37613500597371563 0.15037037037037038 0.0588888888888889
26 0.6564874551971327 0.4790322580645161 0.18022401433691745 0.06267323775388296
86 0.8234408602150538 0.49134408602150537 0.11659498207885305 0.06978494623655912
50 0.5361350059737157 0.5549283154121863 0.06728195937873366 0.05074074074074078
86 0.8144145758661888 0.578673835125448 0.11509259259259264 0.08460872162485074
50 0.346063321385902 0.577520908004779 0.08104241338112306 0.058408004778972476
56 0.6403584229390681 0.6957228195937875 0.0878405017921147 0.10556451612903234