26 0.8153992863295189 0.29983388704318936 0.23932570444198362 0.09136212624584718
50 0.6566076042820229 0.4210963455149502 0.1138488987326197 0.0681063122923588
50 0.39187276977974655 0.457641196013289 0.11698658791682047 0.08803986710963455
82 0.9031930601698043 0.47591362126245845 0.09416143718469305 0.07142857142857142
44 0.7707948812599975 0.48255813953488375 0.19499815430047993 0.06478405315614617
56 0.7987264673311185 0.6129568106312292 0.14987080103359166 0.13953488372093023
23 0.4812969115294697 0.061461794019933555 0.231696813092162 0.12292358803986711
24 0.8846130183339486 0.7632890365448505 0.16623600344530587 0.09136212624584718
86 0.7351728805217177 0.06893687707641195 0.15414667158853207 0.05149501661129568
72 0.3050633690168574 0.09302325581395349 0.2397256060046757 0.06312292358803986
28 0.7161314138058323 0.13704318936877077 0.21963824289405676 0.0946843853820598
25 0.8815368524670851 0.13870431893687707 0.08376399655469413 0.08803986710963455