86 0.4873376623376623 0.31452621452621454 0.09372294372294375 0.04355459355459352
23 0.33739177489177485 0.31999759499759495 0.1339015151515152 0.09280303030303025
25 0.5933441558441559 0.35683020683020683 0.10533008658008657 0.05345719095719096
28 0.46260822510822514 0.37014189514189516 0.1290854978354978 0.057052669552669556
86 0.7363636363636364 0.44246031746031744 0.11777597402597395 0.06985930735930732
27 0.5839285714285715 0.4471560846560847 0.169345238095238 0.0527837902837903
86 0.7356060606060606 0.5285954785954786 0.12186147186147177 0.07640692640692631
50 0.4761363636363636 0.536501924001924 0.08428030303030315 0.04179292929292942
82 0.6487554112554113 0.5542568542568542 0.06774891774891777 0.0431697931697932
44 0.5613095238095238 0.5588023088023089 0.12705627705627703 0.057022607022607
50 0.2958874458874459 0.5749218374218373 0.08330627705627705 0.05150913900913912
56 0.5924242424242424 0.6599025974025974 0.09347943722943729 0.1068001443001443