23 0.13261959876543208 0.2058449074074074 0.2059863683127572 0.20091949588477367
86 0.41820987654320985 0.2377314814814815 0.17364326131687247 0.06780478395061726
25 0.6435185185185186 0.2779320987654321 0.22196502057613168 0.101440329218107
28 0.3231738683127572 0.3066486625514403 0.25980581275720166 0.11032021604938277
86 0.8171939300411523 0.4548418209876543 0.07674254115226337 0.1371463477366256
26 0.5729809670781894 0.4830697016460905 0.362525720164609 0.13121141975308642
50 0.3246849279835391 0.6481352880658436 0.13744212962962957 0.11608153292181062
86 0.7915702160493827 0.6490033436213992 0.09076003086419762 0.13960262345679
44 0.5175861625514403 0.7055812757201646 0.16808127572016454 0.12112911522633733
82 0.6730645576131687 0.7078960905349795 0.14239326131687235 0.11287937242798346
56 0.5339827674897119 0.9044817386831276 0.17444701646090544 0.1370241769547324