86 0.35368606701940036 0.28773662551440327 0.09251322751322756 0.04081128747795414
23 0.1854320987654321 0.29272192827748383 0.138015873015873 0.08974720752498526
25 0.46135802469135806 0.3321340388007055 0.10264550264550276 0.050629041740152904
28 0.33028218694885364 0.3415696649029982 0.11916225749559078 0.06222222222222221
86 0.6022045855379189 0.4183774250440917 0.10491181657848322 0.0633862433862433
26 0.44335097001763674 0.4286360964138742 0.18522045855379185 0.05466196355085245
86 0.5987301587301588 0.503345091122869 0.11792768959435632 0.07804820693709585
50 0.32564373897707233 0.5146090534979424 0.07940917107583773 0.057871840094062356
82 0.5029276895943563 0.5315637860082304 0.0665696649029982 0.051146384479717734
44 0.4058730158730159 0.5447501469723691 0.11555555555555558 0.060529100529100516
50 0.14049382716049383 0.5660964138741916 0.06692239858906524 0.0670194003527336
56 0.4450440917107583 0.6379717813051147 0.0805379188712521 0.10866549088771314
24 0.5268077601410935 0.7418283362727807 0.12427689594356267 0.0782363315696649
49 0.6620282186948854 0.8314109347442681 0.06263668430335097 0.12399764844209303
56 0.727037037037037 0.9040388007054674 0.08889770723104043 0.12794826572604354