86 0.45764734834502274 0.27420327304048236 0.10182109019318324 0.044481358434846796
23 0.2889134982158238 0.2816906607604282 0.14453057708871664 0.1004798818752307
25 0.5685923464993232 0.3256490709979082 0.1093269349083302 0.06128952873138925
28 0.42298511135720435 0.3349390919158361 0.14289405684754525 0.06891842008121077
72 0.1832656576842623 0.3519933554817276 0.16075119970468807 0.06944752061031134
86 0.7033468684631475 0.4137073951027439 0.10992986341823556 0.07291743570813343
26 0.5371477790082442 0.4202903900578319 0.18558201058201054 0.0685246708502522
50 0.4093453919035314 0.5020302694721299 0.0737695336532545 0.05526024363233663
86 0.6920942537221607 0.502774701611911 0.12008428694475203 0.08482834994462891
44 0.5044112218530823 0.5398486526393503 0.1128922111480251 0.05807801156638361
50 0.20838562815307002 0.555254091300603 0.0893933800910545 0.06069890488495155
73 0.6810262089331857 0.6042758705549403 0.05547249907715015 0.08623108157991867
73 0.8068413928879046 0.6088409007013659 0.04287252368647725 0.0991263688938107
56 0.5159406915220868 0.6373631106189246 0.1088316722037652 0.10771502399409374
24 0.595717977113326 0.7461240310077519 0.14133444075304527 0.07882367417251142
49 0.7502337886058816 0.8369139904023625 0.1058785529715763 0.0827488618186292
56 0.7923526516549774 0.9202534760674296 0.12362495385751199 0.11312907591977373