86 0.5375 0.284375 0.0875 0.034765625
23 0.38359375 0.28515625 0.125 0.089453125
28 0.5125 0.3359375 0.10703125 0.05625
25 0.6453125 0.3359375 0.103125 0.053125
26 0.61484375 0.425 0.176171875 0.05
86 0.77890625 0.42734375 0.108203125 0.064453125
50 0.50390625 0.50625 0.066796875 0.040625
86 0.76953125 0.51171875 0.109375 0.073046875
82 0.671875 0.53125 0.07421875 0.049609375
50 0.31640625 0.53671875 0.0703125 0.051953125
56 0.6015625 0.63203125 0.08515625 0.0984375
56 0.84609375 0.91640625 0.066796875 0.095703125