56 0.6263138138138138 0.15868993993993993 0.25118868868868865 0.035798298298298316
26 0.7502502502502503 0.22299174174174174 0.2622309809809808 0.08323323323323321
50 0.5780780780780781 0.3377752752752753 0.09709709709709717 0.06896896896896894
86 0.6635698198198199 0.025025025025025027 0.13795045045045057 0.032432432432432434
86 0.9031531531531531 0.3628503503503504 0.08930805805805817 0.10937187187187192
50 0.32954829829829835 0.3737675175175175 0.11092342342342336 0.07761511511511504
44 0.6872497497497497 0.3908846346346346 0.15349724724724736 0.06473973973973979
82 0.8097785285285286 0.3943881381381381 0.10150775775775779 0.0740990990990991
23 0.44187937937937943 0.03355855855855856 0.17767767767767773 0.056656656656656666
56 0.6970095095095095 0.517648898898899 0.12221596596596596 0.13180680680680684
72 0.27468093093093093 0.03192567567567568 0.2149024024024024 0.0588963963963964
24 0.7790603103103103 0.6589902402402402 0.13397772772772767 0.08470970970970972
49 0.9340277777777778 0.809009009009009 0.05192692692692677 0.1257007007007007
25 0.8360235235235235 0.07738363363363363 0.1827139639639639 0.07867867867867866
28 0.6325075075075075 0.0752127127127127 0.1944757257257256 0.07716466466466466