86 0.5510772210118615 0.2574437182280319 0.09177257322682157 0.03974521907528444
23 0.3901355603969983 0.2642217380779472 0.13141188574195115 0.09838719438392636
28 0.5253328491890583 0.31233357540547085 0.11236383442265793 0.06296901476640043
25 0.6642217380779473 0.30718954248366015 0.10825465988864677 0.05954974582425565
26 0.6330488985717744 0.4015068990559187 0.18461934156378595 0.059110990075042266
86 0.8046356814330671 0.39760348583877997 0.11365286855482913 0.07159283466473013
50 0.5176652142338417 0.4907709997579279 0.07016763495521654 0.04507080610021793
86 0.7954853546356814 0.48620188816267246 0.11494492858871938 0.08062515129508596
82 0.693512466715081 0.5104091019123699 0.07799866860324375 0.05475369160009679
50 0.3218228031953522 0.5298959089808764 0.07393185669329459 0.057053376906318204
56 0.6207637375938029 0.618524570321956 0.08981481481481486 0.10623940934398445
56 0.8786855482933915 0.9064391188574193 0.07059428709755505 0.10266884531590438