23 0.12371364653243848 0.2804250559284116 0.14365212527964208 0.18162751677852348
86 0.3727628635346756 0.3492729306487696 0.1813478747203579 0.0705536912751678
25 0.5878635346756153 0.4217561521252796 0.2409395973154363 0.10626398210290824
28 0.25771812080536916 0.4191275167785235 0.28087248322147645 0.10391498881431759
86 0.7804809843400448 0.6166107382550335 0.13526286353467562 0.1560123042505593
26 0.5029082774049217 0.6090604026845637 0.3877237136465323 0.134423937360179
50 0.2908836689038031 0.7558724832214765 0.13302572706935117 0.12245525727069353
86 0.7615771812080536 0.7990492170022372 0.14913310961968698 0.16361856823266216
44 0.4478187919463087 0.8286912751677852 0.26487695749440715 0.16465324384787489
82 0.6295302013422819 0.8458612975391498 0.1514261744966443 0.11031879194630873
56 0.5011744966442953 0.9550335570469799 0.15917225950782998 0.08993288590604012