86 0.48180302488984156 0.3311897106109325 0.09219959509348566 0.04180064308681672
23 0.3332559247350244 0.33440514469453375 0.1312760509705847 0.09003215434083602
25 0.5861438609027033 0.3745980707395498 0.1035518637608669 0.05144694533762058
28 0.4565023222579493 0.3858520900321543 0.12703048707871864 0.05466237942122187
86 0.7264975586518995 0.46141479099678456 0.11563951411218279 0.06752411575562701
27 0.5754972013814458 0.4638263665594855 0.1669733238061213 0.04983922829581994
86 0.7244849350958675 0.5466237942122186 0.11959032987971889 0.07395498392282958
50 0.4674586161724425 0.5506430868167203 0.08287185899726093 0.04019292604501608
82 0.6381148029057997 0.5707395498392283 0.06647612242467538 0.04180064308681672
44 0.5514648088603072 0.5739549839228296 0.12502084077646786 0.05466237942122187
50 0.28842443729903533 0.5860128617363344 0.0817643205906872 0.04983922829581994
56 0.5807907586042634 0.6744372990353698 0.09102953435750874 0.1045016077170418