23 0.3240678178178178 0.2838963963963964 0.23852915415415418 0.15582770270270271
86 0.6101413913913913 0.28513513513513516 0.16785848348348356 0.046593468468468534
28 0.5783846346346346 0.3557995495495495 0.2680274024024024 0.09878941441441444
25 0.8116679179179179 0.3461711711711712 0.14949011511511517 0.10943130630630625
72 0.15290915915915915 0.3909346846846847 0.16051989489489488 0.11185247747747754
26 0.7453078078078079 0.5342342342342342 0.29384384384384377 0.1308558558558559
50 0.5461148648648648 0.6947635135135135 0.13843843843843837 0.12049549549549556
44 0.6919732232232232 0.7620495495495495 0.2521427677677677 0.16010698198198192
82 0.866184934934935 0.7580518018018018 0.0658252002002002 0.10216779279279282
50 0.1688501001001001 0.814695945945946 0.14499499499499496 0.11418918918918923
56 0.773586086086086 0.9173986486486487 0.16073573573573574 0.07646396396396393