26 0.76328125 0.29921875 0.21875 0.0859375
50 0.60546875 0.41328125 0.10234375 0.0640625
50 0.35390625 0.44765625 0.10390625 0.0828125
82 0.83359375 0.46484375 0.08359375 0.0671875
44 0.70859375 0.47109375 0.17890625 0.0609375
56 0.72578125 0.59375 0.13125 0.13125
23 0.46640625 0.06640625 0.20859375 0.1328125
24 0.79609375 0.73515625 0.15 0.0859375
86 0.70390625 0.08203125 0.14140625 0.0484375
72 0.29765625 0.1046875 0.22109375 0.059375
28 0.68125 0.14609375 0.2 0.0890625
25 0.83671875 0.14765625 0.07265625 0.0828125