86 0.47661290322580646 0.257741935483871 0.0967741935483871 0.0467741935483871
23 0.31290322580645163 0.2710752688172043 0.13548387096774195 0.10258064516129035
25 0.5870967741935483 0.30360215053763445 0.1032258064516129 0.06333333333333331
28 0.4459677419354839 0.3178494623655914 0.13548387096774195 0.07193548387096778
72 0.21370967741935484 0.34301075268817205 0.1528225806451613 0.07309139784946236
86 0.7225806451612903 0.38408602150537635 0.1032258064516129 0.07462365591397847
26 0.5612903225806452 0.3964516129032258 0.17701612903225805 0.07309139784946236
50 0.4411290322580645 0.48026881720430104 0.06895161290322581 0.05620967741935469
86 0.7161290322580646 0.4708064516129032 0.1125 0.08653225806451628
44 0.535483870967742 0.513494623655914 0.10685483870967742 0.060349462365591335
50 0.24838709677419354 0.5390860215053763 0.08387096774193549 0.06204301075268822
73 0.7104838709677419 0.5695698924731183 0.04959677419354839 0.08556451612903218
73 0.8330645161290322 0.5694623655913978 0.03669354838709677 0.0976075268817204
56 0.5516129032258065 0.6075806451612903 0.10040322580645161 0.10830645161290318
24 0.6346774193548387 0.7101075268817204 0.13346774193548386 0.08147849462365589
49 0.7895161290322581 0.7925268817204301 0.09879032258064516 0.0840053763440859
56 0.8346774193548387 0.8814516129032258 0.11451612903225807 0.13344086021505377