86 0.47907986111111106 0.27586805555555555 0.09606481481481488 0.04253472222222214
23 0.320625 0.2840856481481482 0.1366203703703704 0.09548611111111108
25 0.5891666666666667 0.3234664351851852 0.10324074074074083 0.05839120370370363
28 0.4527256944444444 0.33321759259259254 0.13486111111111115 0.06579861111111107
72 0.22828125 0.350925925925926 0.15165798611111114 0.06642071759259256
86 0.7255555555555555 0.40532407407407406 0.10388888888888896 0.06932870370370381
26 0.5693981481481482 0.41267361111111106 0.17500289351851847 0.06572627314814809
50 0.45734375 0.49042245370370363 0.069759837962963 0.052473958333333216
86 0.7242592592592592 0.4891493055555555 0.1135214120370371 0.08059895833333322
44 0.5510185185185186 0.525318287037037 0.1065711805555555 0.055396412037037025
50 0.27326388888888886 0.541869212962963 0.08449074074074074 0.05769675925925917
73 0.7244386574074074 0.584664351851852 0.05276909722222225 0.08146701388888893
73 0.8436516203703703 0.5880787037037037 0.04100983796296305 0.09350405092592595
56 0.5721064814814815 0.6169270833333333 0.10309895833333335 0.10203993055555553
24 0.6587789351851852 0.7186342592592593 0.1334635416666668 0.0751012731481481
49 0.8141030092592592 0.8029224537037039 0.10014756944444443 0.07854456018518548
56 0.8642824074074074 0.8965856481481481 0.1177285879629629 0.13844039351851833