86 0.4638888888888889 0.29296875 0.0940393518518519 0.0390625
23 0.3053125 0.2953125 0.1319212962962963 0.090625
25 0.5713020833333333 0.34453125 0.10040509259259256 0.0546875
28 0.43461805555555555 0.34921875 0.13170138888888888 0.0609375
72 0.20968749999999997 0.35859375 0.1484982638888889 0.0609375
86 0.7031944444444445 0.43125 0.10048611111111114 0.065625
26 0.5469560185185185 0.4328125 0.1719241898148148 0.059375
50 0.43109374999999994 0.50625 0.0671672453703703 0.05
86 0.6975636574074073 0.51484375 0.10955150462962955 0.0765625
44 0.5227835648148148 0.54453125 0.1038975694444444 0.0515625
50 0.24470486111111112 0.55078125 0.08165509259259256 0.0546875
73 0.6928009259259259 0.61015625 0.04863715277777771 0.0796875
73 0.8116087962962963 0.61796875 0.03622974537037038 0.0921875
56 0.5390914351851851 0.63671875 0.09799479166666672 0.0984375
24 0.6203356481481481 0.74140625 0.12981770833333323 0.0703125
49 0.7710011574074074 0.83125 0.09625868055555564 0.075
56 0.8162384259259259 0.9265625 0.11076099537037046 0.134375