23 0.39100279524807824 0.3433205217796413 0.18384870719776383 0.12568425343582582
28 0.5639005357558816 0.3683030514791521 0.15832750989983693 0.08746797111576984
25 0.7151816911250873 0.3713312368972746 0.14548392732355003 0.0818920335429769
86 0.20058234334963895 0.39902166317260657 0.1459789191707431 0.08387200093174939
26 0.6617749825296996 0.4933612858141161 0.2480753552294434 0.0629367575122293
49 0.30213137665967854 0.5137433030514792 0.34749883531330067 0.07368099231306774
24 0.42969368739808994 0.6110237596086653 0.17352667132541338 0.07037619380386691
82 0.7431283484742605 0.6041229909154436 0.07816212438853948 0.054682040531097216
50 0.25799557419054275 0.6385686000465876 0.10851968320521772 0.07267645003494053
44 0.5972513393897042 0.6330654553924995 0.16520789657582105 0.0991002795248079
56 0.6201840204984859 0.7506988120195668 0.08841719077568136 0.11626484975541564