23 0.3691666666666667 0.37754629629629627 0.2014322916666667 0.13423900462962965
28 0.5415625000000001 0.3918865740740741 0.137109375 0.07129340277777771
25 0.6953125 0.40480324074074076 0.145703125 0.07721354166666661
86 0.18140625 0.4179803240740741 0.14536458333333338 0.07799189814814814
26 0.6497395833333334 0.5261747685185185 0.23989583333333328 0.061122685185185335
49 0.29328125000000005 0.5319386574074074 0.34458333333333335 0.0618981481481482
24 0.4153124999999999 0.6341087962962962 0.17375000000000007 0.07039351851851841
82 0.7119791666666666 0.6350347222222222 0.09812499999999993 0.06631944444444446
50 0.2375 0.6541666666666666 0.0977864583333333 0.07295428240740734
44 0.57890625 0.6633506944444444 0.17273437499999994 0.09615451388888889
56 0.5994791666666666 0.7764236111111111 0.08664062500000007 0.1224565972222221