23 0.38240740740740736 0.38452807646356035 0.18859318996415766 0.13567801672640384
28 0.5597670250896057 0.4300477897252091 0.16241338112305853 0.09557945041816006
25 0.714952210274791 0.4504480286738351 0.14923835125448037 0.08938172043010746
86 0.18707287933094383 0.42025089605734767 0.1497461170848268 0.09142771804062132
26 0.6601672640382318 0.5702508960573477 0.2544772998805258 0.07387992831541217
49 0.29124253285543605 0.5502090800477898 0.3564665471923536 0.08866487455197125
24 0.42209677419354835 0.6651433691756273 0.178004778972521 0.07865890083632013
82 0.7436200716845878 0.6938172043010753 0.08017921146953405 0.058960573476702485
50 0.24596774193548387 0.6739545997610513 0.11132019115890086 0.07853942652329751
44 0.5939784946236559 0.7070191158900836 0.1694713261648747 0.10775089605734765
56 0.6175029868578256 0.8310035842293906 0.09069892473118282 0.12240143369175631