36 0.53828125 0.22421875 0.15625 0.023046875
28 0.25703125 0.28828125 0.1328125 0.0296875
86 0.5953125 0.30078125 0.078515625 0.041796875
57 0.190625 0.3375 0.058984375 0.08125
83 0.2796875 0.34296875 0.11875 0.0734375
28 0.446875 0.353125 0.16328125 0.044140625
18 0.2984375 0.425 0.181640625 0.021875
52 0.73359375 0.42734375 0.171875 0.0640625
82 0.546875 0.45625 0.1 0.021875
82 0.2796875 0.51953125 0.093359375 0.0328125
63 0.56640625 0.68671875 0.080078125 0.0328125
50 0.63203125 0.721875 0.053125 0.01875