86 0.6344877344877344 0.1745069745069745 0.11437590187590183 0.05569684944684943
57 0.09758898508898509 0.20076960076960076 0.07795815295815296 0.11300805675805677
83 0.2211580086580087 0.21091871091871092 0.16085557960557959 0.10532708032708035
28 0.4370490620490621 0.24407768157768156 0.22601911976911973 0.06022126022126025
18 0.2338864838864839 0.33943001443001447 0.264568302068302 0.03379028379028374
52 0.8310305435305435 0.3757756132756133 0.25055315055315064 0.0808170995670996
82 0.5777417027417028 0.3942219817219817 0.14359066859066863 0.028989297739297787
57 0.47302188552188557 0.44545454545454544 0.1294011544011544 0.04276094276094283
82 0.21961880711880713 0.48741582491582497 0.13279220779220782 0.047727272727272875
63 0.6161796536796537 0.7335377585377585 0.10666486291486285 0.0554683742183743
50 0.8888949013949015 0.7959535834535834 0.06584896584896584 0.03276815776815782
50 0.7161976911976913 0.7973244348244348 0.06940536315536307 0.029629629629629586
36 0.5586219336219336 0.07737493987493987 0.19897787397787398 0.03711820586820588
28 0.1685966810966811 0.13394059644059644 0.16792027417027414 0.0426857864357864