36 0.530135214579659 0.23562610229276898 0.1582245737801293 0.025293944738389237
28 0.24031746031746032 0.2876249265138154 0.1337801293356849 0.03509700176366839
86 0.5790064667842445 0.313668430335097 0.07803350970017625 0.04691358024691356
57 0.17210464432686653 0.33592004703115813 0.05949147560258673 0.08033509700176363
83 0.26095825984714877 0.3415931804820694 0.1102498530276308 0.07983539094650208
28 0.4282304526748971 0.36049382716049383 0.16340388007054676 0.05364491475602588
18 0.27082304526748974 0.4261316872427984 0.1717519106407995 0.028174603174603175
52 0.727907113462669 0.44703115814226935 0.1518518518518518 0.07701352145796583
82 0.5338095238095238 0.4700176366843033 0.09713697824808934 0.02461787184009421
82 0.25832451499118164 0.5193709582598471 0.09084656084656087 0.028350970017636645
63 0.546249265138154 0.7023515579071135 0.07549382716049385 0.03611111111111111
50 0.6123280423280423 0.7445032333921223 0.055867136978248064 0.023089359200470325