86 0.6426109277594426 0.1620828749541621 0.11508067473413998 0.05916452756386754
57 0.09526341523041193 0.1766226622662266 0.07674184085075175 0.11655971152670826
83 0.2206270627062706 0.1897261948417064 0.16123640141791962 0.11063134091186898
28 0.4390722405573891 0.22829116244957828 0.22853868720205348 0.06628468402395803
18 0.22873731817626208 0.3205598337611539 0.268347390294585 0.04030680845862364
52 0.8350323921281018 0.3709815425987043 0.25302835839139454 0.08776127612761277
82 0.5765859919325267 0.383993399339934 0.14540092898178697 0.03269465835472435
57 0.4680906979586848 0.43366947805891704 0.1306563989732305 0.04636352524141297
82 0.20864197530864198 0.4705659454834373 0.13399339933993398 0.05148514851485156
63 0.6029152915291529 0.7295501772399463 0.10724239090575713 0.058758098032025474
50 0.8780833638919447 0.7991199119911991 0.06623884610683291 0.03477569979220154
50 0.7022918958562523 0.7966079941327465 0.06992727050482823 0.03166788901112326
36 0.5690685735240191 0.06169783645031169 0.20155543332110984 0.04220449822760054
28 0.17004033736707005 0.11034103410341033 0.16983865053171984 0.047158049138247164