36 0.5375 0.2234375 0.15546875 0.019140625
28 0.253125 0.28515625 0.13125 0.0296875
86 0.58671875 0.2984375 0.076171875 0.043359375
57 0.18671875 0.33515625 0.057421875 0.076953125
83 0.27421875 0.3375 0.107421875 0.074609375
28 0.4390625 0.35 0.16015625 0.046875
18 0.28515625 0.4203125 0.16875 0.021484375
52 0.73515625 0.42421875 0.1484375 0.0703125
82 0.54453125 0.45390625 0.0953125 0.020703125
82 0.27421875 0.5125 0.0890625 0.024609375
63 0.56015625 0.68203125 0.073828125 0.0328125
50 0.62578125 0.72109375 0.0546875 0.020703125