36 0.5464808860307252 0.20225080385852093 0.16025961652971296 0.026804215791354048
28 0.25293557222817675 0.27876027152554483 0.13550077408598307 0.03654876741693464
86 0.5959807073954985 0.27717041800643083 0.07903715612718817 0.04809753483386918
57 0.18384542098368464 0.3332440157199 0.0602566392759319 0.08180600214362271
83 0.2738418482791473 0.331654162200786 0.1116678575681791 0.08168095748481599
28 0.44326545194712397 0.3369774919614148 0.16550553769203288 0.05555555555555554
18 0.2838335119685602 0.4163629867809932 0.1739609384303918 0.029823151125401855
52 0.7467964749315231 0.3998035012504466 0.15380493033226164 0.079135405501965
82 0.5502024532571157 0.43906752411575567 0.0983863284506371 0.025660950339406928
82 0.27117422889127074 0.511718470882458 0.09201500535905684 0.029394426580921708
63 0.5628021912587828 0.6730796713111826 0.07646480886030728 0.03713826366559489
50 0.6297308562581874 0.7102715255448374 0.05658568536382039 0.023803143979992836