36 0.576051051051051 0.16631006006006005 0.1694725975975976 0.03242304804804807
28 0.27353603603603605 0.2490803303303303 0.14429429429429427 0.03847597597597596
86 0.6395457957957957 0.24634009009009006 0.08588588588588587 0.04895833333333336
57 0.2029279279279279 0.3054804804804805 0.06571884384384385 0.09067192192192197
83 0.2993430930930931 0.3071133633633634 0.1301426426426426 0.08509759759759752
28 0.48033033033033035 0.31006006006006004 0.17758070570570564 0.05556493993993994
18 0.3215840840840841 0.3948948948948949 0.1968937687687688 0.03237612612612606
52 0.7920795795795796 0.37652027027027024 0.18734984984984973 0.07751501501501505
82 0.5909159159159159 0.4167417417417417 0.10863363363363367 0.028453453453453438
82 0.30358483483483484 0.49799174174174177 0.10171734234234239 0.039958708708708726
63 0.6175675675675676 0.6649587087087088 0.08735923423423428 0.03932057057057066
50 0.6893581081081082 0.6998123123123123 0.05788288288288286 0.022822822822822934