56 0.6015625 0.6328125 0.09140625 0.134765625
84 0.2328125 0.6984375 0.16875 0.109375
28 0.7609375 0.7234375 0.1 0.118359375
47 0.3515625 0.728125 0.22890625 0.103515625
86 0.8578125 0.18515625 0.10625 0.101953125
86 0.44140625 0.19765625 0.208203125 0.113671875
86 0.10703125 0.1984375 0.139453125 0.072265625
86 0.259375 0.2015625 0.178125 0.074609375
86 0.69296875 0.221875 0.198046875 0.09375
86 0.05078125 0.25078125 0.1015625 0.1171875
86 0.27109375 0.271875 0.175 0.062109375
86 0.45703125 0.27421875 0.183203125 0.057421875
86 0.6125 0.3078125 0.146875 0.100390625
86 0.77265625 0.3140625 0.134375 0.10625
86 0.29296875 0.31640625 0.171875 0.076171875
86 0.0875 0.3203125 0.175 0.084375
86 0.4609375 0.3203125 0.1625 0.062109375
17 0.57109375 0.43671875 0.184375 0.1
28 0.50390625 0.49921875 0.209375 0.115625