56 0.5975975975975976 0.6697447447447449 0.1042135885885886 0.14642454954954964
84 0.20157657657657657 0.7436436436436435 0.18681181181181178 0.11959459459459451
28 0.7735235235235235 0.7664414414414414 0.1128472222222222 0.12875688188188175
47 0.3311436436436437 0.7747872872872872 0.25161098598598597 0.11374186686686669
86 0.8567004504504504 0.18373998998998997 0.1189470720720722 0.11107044544544545
86 0.407032032032032 0.2005880880880881 0.2296358858858859 0.12455580580580583
86 0.06412662662662663 0.20312812812812814 0.11611611611611611 0.08023023023023022
86 0.21039789789789787 0.20626876876876876 0.19555492992992995 0.08208521021021019
86 0.6799612112112112 0.22475600600600598 0.2178584834834834 0.10293731231231228
86 0.025713213213213217 0.26086086086086085 0.03678678678678679 0.12692692692692692
86 0.22588213213213215 0.28218843843843844 0.19167605105105107 0.06854667167167164
86 0.4269894894894895 0.28323323323323324 0.20035660660660656 0.06354479479479476
86 0.596408908908909 0.3183058058058058 0.16280342842842851 0.10970658158158156
86 0.769801051051051 0.32378003003003003 0.14952452452452444 0.11594094094094093
86 0.2513138138138138 0.3301551551551552 0.18886073573573572 0.08372434934934929
86 0.06819319319319318 0.33573573573573573 0.11486486486486487 0.09204204204204203
86 0.4330580580580581 0.33303303303303305 0.17816253753753744 0.06844657157157165
17 0.5568068068068068 0.4579954954954955 0.20332832832832845 0.1095845845845846
28 0.48667417417417413 0.5261011011011011 0.23098098098098102 0.12667667667667667