56 0.5905500184569952 0.6117017349575489 0.10354374307862686 0.1439922480620156
84 0.19542266519010706 0.6843730773963332 0.18456995201181242 0.11760797342192683
28 0.755703211517165 0.7067921742340347 0.11190476190476192 0.12661806324597027
47 0.320265780730897 0.7149993847668267 0.2482465854558878 0.11185246708502525
86 0.8841269841269841 0.13377014888642794 0.1177740863787377 0.10922542143472376
86 0.44084533038021406 0.15033837824535498 0.22671650055370987 0.12248677248677246
86 0.0853266888150609 0.15380214101144335 0.15167035806570692 0.0779254337393872
86 0.2471391657438169 0.15592469545957918 0.1928940568475453 0.08072166851236617
86 0.7071428571428572 0.1741048357327427 0.21497785160575872 0.10122739018087856
86 0.039904023624953856 0.2098129691152947 0.07980804724990771 0.12522456010828104
86 0.25627537836840164 0.23058324104835737 0.18898117386489477 0.06740802264058074
86 0.4538390550018457 0.23161068044788974 0.19748062015503876 0.062489233419465946
86 0.6175341454411223 0.2661006521471638 0.16088962716869704 0.10788421311677124
86 0.7875046142488002 0.271483942414175 0.147877445551864 0.11401501168943029
86 0.27742709486895534 0.27775316845084286 0.18632336655592463 0.08233357942660263
86 0.07691029900332226 0.2834440753045404 0.15382059800664452 0.09091915836101885
86 0.45581395348837206 0.2805832410483573 0.17569213732004427 0.06730958533284122
17 0.5674234034699152 0.40346991509782204 0.20073827980804723 0.1077642426479636
28 0.4930417128091547 0.47044419835117507 0.2280546327057955 0.12457241294450595