50 0.5546643913538111 0.5463911009986095 0.03644292756920753 0.0294273795980282
60 0.4267538869927949 0.5573884464669447 0.05771710276829726 0.04730438629756032
50 0.6529199848312476 0.5465491088357982 0.05273037542662132 0.03380103653141189
50 0.5983124762988243 0.5497851093414233 0.052957906712172875 0.04403994438124144
60 0.4951270383010997 0.5584628997598281 0.06773795980280624 0.038098849702945324
47 0.46962457337883956 0.6026924535456959 0.14390405764125902 0.052837820755909634
56 0.2226962457337884 0.6403931234989256 0.15500568828213876 0.2456484641638226
28 0.5766211604095562 0.26571229933004675 0.12259196056124395 0.0332543294147389
86 0.40857034508911644 0.2773795980280622 0.06378460371634426 0.0327518644924788
86 0.3765642775881684 0.29807230438629756 0.06688471748198713 0.03804828719504489
86 0.45180128934395153 0.300448742257616 0.06696056124383758 0.041461256478321336
86 0.5056313993174062 0.3006762735431677 0.04900455062571109 0.03869295917077482
50 0.2130072051573758 0.3197256983946404 0.09025407660219952 0.07351788648716978
28 0.7010997345468335 0.29251042851725445 0.09456769055745178 0.037558462899759795
86 0.38485020857034513 0.3249209960814057 0.08241372772089502 0.027464922260144086
86 0.4543799772468714 0.3395967639994944 0.07466818354190373 0.04319618253065351
28 0.5132916192643155 0.3378144355960056 0.04516496018202508 0.038465427885223065
47 0.6927948426241941 0.3801478953356086 0.08743837694349628 0.02350208570345092
28 0.492320819112628 0.4321830362785994 0.05961319681456191 0.07511060548603213
28 0.674762988244217 0.452983187966123 0.1262609025407659 0.04497535077739866