56 0.871875 0.94453125 0.05078125 0.1109375
25 0.8296875 0.13203125 0.09921875 0.0546875
86 0.4265625 0.2015625 0.0265625 0.06796875
86 0.47734375 0.25234375 0.06328125 0.06796875
86 0.57578125 0.25703125 0.03125 0.07109375
86 0.4265625 0.25703125 0.03046875 0.05703125
86 0.36328125 0.36328125 0.03671875 0.08359375
86 0.4875 0.375 0.0796875 0.0703125
86 0.60859375 0.3765625 0.03359375 0.06796875
86 0.66484375 0.41640625 0.05546875 0.11796875
86 0.3640625 0.42890625 0.03984375 0.071875
86 0.39375 0.4328125 0.03203125 0.0734375
86 0.42265625 0.434375 0.03359375 0.0703125
86 0.45546875 0.43671875 0.02890625 0.0734375
86 0.621875 0.440625 0.0609375 0.07421875
17 0.56328125 0.45625 0.04296875 0.04296875
86 0.4953125 0.6046875 0.06171875 0.06328125
42 0.57890625 0.6109375 0.09140625 0.10703125