56 0.614448236632537 0.6528251801289344 0.10964163822525597 0.14940273037542653
84 0.20693970420932878 0.7155479711793705 0.19226393629124003 0.12354948805460766
28 0.7819112627986349 0.7556693211983314 0.11783276450511937 0.13169321198331435
47 0.33447098976109213 0.7508532423208191 0.2575369738339021 0.11861016306408803
86 0.9269055745164961 0.17013651877133104 0.12346416382252544 0.1139268107698142
86 0.47121729237770194 0.17368221463784603 0.23566552901023893 0.1291998483124763
86 0.10597269624573379 0.16642017444065224 0.15756541524459614 0.08230944254835042
86 0.272127417519909 0.17353052711414485 0.19997155858930604 0.08580773606370876
86 0.7441979522184301 0.20623814941221083 0.22312286689419794 0.10719567690557451
86 0.05022753128555176 0.22222222222222224 0.10045506257110352 0.13045127038301102
86 0.279806598407281 0.2506067500948047 0.19564846416382248 0.07208001516875236
86 0.482707622298066 0.257679180887372 0.20426621160409544 0.06715965111869548
86 0.650056882821388 0.2981418278346606 0.1677189988623435 0.11320629503223362
86 0.8245164960182024 0.3088547591960561 0.15449374288964726 0.11930223739097466
86 0.3004550625711035 0.2997724687144483 0.193259385665529 0.08736253318164583
86 0.0872013651877133 0.29905195297686765 0.1744027303754266 0.09639742131209707
86 0.48361774744027297 0.30811528251801285 0.1819965870307169 0.07177664012135006
17 0.5954493742889647 0.4379218809252939 0.20864618885096697 0.11368979901403116
28 0.5175199089874858 0.5045506257110353 0.23708759954493752 0.13136139552521803