50 0.741912716912717 0.4706293706293706 0.056937969437969284 0.04132672882672887
60 0.6484848484848484 0.46822066822066827 0.07280173530173525 0.04421134421134421
56 0.342029267029267 0.46070318570318575 0.1258741258741259 0.18213869463869475
28 0.7247215747215747 0.19524087024087025 0.10051476301476316 0.04108391608391608
86 0.5565850815850816 0.19735819735819735 0.05407925407925419 0.029865967365967333
50 0.3184667184667185 0.1954933954933955 0.0801864801864802 0.05848873348873353
86 0.5401903651903652 0.21493783993783996 0.07989186739186752 0.03144910644910644
86 0.6567599067599067 0.22534965034965035 0.05014892514892521 0.03710178710178711
28 0.8474747474747475 0.23644133644133644 0.10344470344470348 0.039034576534576544
86 0.5460631960631961 0.24048174048174045 0.0709434084434084 0.02756410256410254
86 0.6072584822584822 0.25802253302253303 0.06295325045325041 0.03985042735042741
28 0.6641802641802641 0.2622960372960373 0.043512043512043554 0.028088578088578082
47 0.8197940947940948 0.31367521367521367 0.10786065786065784 0.025281662781662776
28 0.6423141673141674 0.3493783993783994 0.06229927479927494 0.07295066045066043
28 0.8197228697228698 0.38603341103341104 0.1105898730898731 0.03455710955710953
60 0.5808663558663559 0.4599844599844599 0.05930134680134684 0.03707264957264951
50 0.7007252007252006 0.4670551670551671 0.030066692566692692 0.029234654234654146