56 0.6278354479046521 0.8962578495450468 0.110239651416122 0.1612200435729848
50 0.6179674484172755 0.15410739459182365 0.08787325387671424 0.029587978982442642
86 0.3502178649237473 0.2892156862745098 0.16620530565167244 0.033352556708958085
86 0.21364218890170447 0.3089516852492631 0.08908432654107393 0.05294438036652569
86 0.22776496219402795 0.31965269768037935 0.09355055747789306 0.04749775727284376
28 0.04760348583877995 0.33964500833012945 0.0952069716775599 0.08887607330513907
28 0.1770216583365372 0.3491605792643855 0.1623382032551583 0.05867935409457904
28 0.33601179033704986 0.3467256183519159 0.1358547994361143 0.03913558887607323
25 0.5011918492887351 0.3414712290144816 0.1435954120210176 0.03855888760733057
13 0.44528386518005897 0.5205369729591183 0.1004549532231193 0.03911956939638596
13 0.45500448545431244 0.5495322311931309 0.10713187235678584 0.05965654235550437
27 0.14397026784570038 0.5869537357426631 0.22114891708317314 0.0772619505318467