56 0.6603273922386551 0.9071672354948805 0.10346353179117673 0.10056882821387951
50 0.6333775755277462 0.20728100113765643 0.08609531032739227 0.03171217292377699
86 0.37203261281759575 0.34817974971558596 0.16333902161547217 0.037713310580204815
86 0.23764378713184175 0.37161547212741747 0.08677790418404752 0.05474971558589312
86 0.2518202502844141 0.381740614334471 0.09130640879787644 0.049516496018202474
28 0.06199595499936797 0.40802047781569967 0.11983630388067247 0.09271899886234354
28 0.20237643787131843 0.41228668941979524 0.15896536468208824 0.06254266211604091
28 0.35927189988623437 0.40523321956769054 0.1332511692579952 0.04251990898748581
25 0.5222159019087347 0.395221843003413 0.14090506889141702 0.04217861205915818
13 0.4709581595247124 0.5732081911262799 0.09830615598533692 0.0414675767918088
13 0.4811907470610542 0.6014789533560865 0.10444634053849065 0.06188850967007961
27 0.17497155858930602 0.6474402730375426 0.21661294400202247 0.08256541524459612