50 0.7238924050632911 0.43372011251758086 0.04944620253164557 0.038868377871542376
60 0.6392405063291139 0.4415729020159399 0.0636867088607595 0.041901078293483426
56 0.3615506329113924 0.46768049695264885 0.10443037974683544 0.16794127988748245
28 0.7231012658227848 0.18456985466479137 0.08900316455696203 0.03982067510548522
86 0.5704113924050633 0.20458274730426626 0.04746835443037975 0.02843706047819973
50 0.35443037974683544 0.22849273323956865 0.06962025316455696 0.054998827941865884
86 0.5545886075949367 0.22236872948898265 0.07080696202531646 0.03056141584622601
86 0.6598101265822784 0.21932137834036564 0.043512658227848104 0.0348687294889827
28 0.8322784810126582 0.20891936240037506 0.09177215189873418 0.038047937177684024
86 0.5585443037974683 0.24501875293014533 0.06289556962025317 0.02681082981715895
86 0.6131329113924051 0.25442451945616507 0.054984177215189875 0.03769631973745889
28 0.6645569620253164 0.2521976090014065 0.0379746835443038 0.026547116736990145
47 0.803006329113924 0.28229020159399904 0.09651898734177215 0.025741326769807716
28 0.6400316455696202 0.333919362400375 0.05261075949367089 0.06758380215658692
28 0.7990506329113924 0.34824777308954524 0.09849683544303797 0.03419479606188463
60 0.5783227848101266 0.4413384903891233 0.051819620253164556 0.035088490389123386
50 0.6867088607594937 0.4348921706516643 0.025712025316455698 0.027221050164088125