50 0.72265625 0.4890625 0.048828125 0.034765625
60 0.6390625 0.490625 0.062890625 0.03671875
56 0.36484375 0.49609375 0.103125 0.158203125
28 0.721875 0.24296875 0.087890625 0.0328125
86 0.57109375 0.2515625 0.046875 0.024609375
50 0.3578125 0.259375 0.06875 0.04921875
86 0.55546875 0.26796875 0.069921875 0.025
86 0.659375 0.27265625 0.04296875 0.03125
28 0.8296875 0.275 0.090625 0.030859375
86 0.559375 0.290625 0.062109375 0.021875
86 0.61328125 0.30390625 0.054296875 0.033203125
28 0.6640625 0.30546875 0.0375 0.0234375
47 0.80078125 0.3453125 0.0953125 0.018359375
28 0.63984375 0.384375 0.051953125 0.062890625
28 0.796875 0.41015625 0.097265625 0.0265625
60 0.57890625 0.4859375 0.051171875 0.030859375
50 0.6859375 0.4875 0.025390625 0.025